246 6858.92335878889
247 6863.99720478025
248 6853.9165680309
249 6804.58626801804
250 6760.97801458574
251 6772.62327344695
252 6797.59017200353
253 6785.31906429757
254 6761.31329075257
255 6760.75449714118
0 6760.88860760791
1 6723.96352576775
2 6672.62156875391
3 6667.23479834018
4 6694.19100215328
5 6694.86155448694
6 6669.04528964106
7 6658.53996974706
8 6677.80717346754
9 6655.70129820124
10 6559.58879704342
11 6539.76279971156
12 6610.75194010162
13 6626.30875424251
14 6560.32640461044
15 6521.54612798049
16 6538.01936364405
17 6535.2924508205
18 6490.76777586553
19 6453.14978994725
20 6472.90873204574
21 6502.8824213603
22 6496.69098814619
23 6467.4772581431
24 6464.92915927519
25 6468.50543838804
26 6434.95546996063
27 6385.28989378093
28 6382.42887049065
29 6416.20235636262
30 6422.34908608783
31 6394.81173691889
32 6379.38903324473
33 6384.35112051381
34 6362.78168711444
35 6311.28326788941
36 6284.72939547651
37 6309.87510798873
38 6330.12578846524
39 6309.09279693279
40 6282.85184894226
41 6286.96456992204
42 6279.99082565198
43 6235.13087453018
44 6193.5119263544
45 6208.6664090951
46 6239.64592691015
47 6230.90639482813
48 6198.38460664566
49 6193.42251937658
50 6196.14943220013
51 6163.56058878429
52 6113.17975678203
53 6107.30124799028
54 6138.77250418335
55 6144.6510129751
56 6119.81822488525
57 6107.01067531236
58 6113.2915155043
59 6095.56658215124
60 6045.16339840453
61 6018.65422948053
62 6044.11286641513
63 6063.22360792441
64 6044.87282572661
65 6021.35879055963
66 6022.43167429348
67 6017.53664225777
68 5974.44247894794
69 5932.48825460532
70 5944.6029001001
71 5974.64364464803
72 5967.60284514461
73 5939.17142619746
74 5932.8011790277
75 5937.47269361886
76 5906.80610022618
77 5856.40291647946
78 5850.39029722098
79 5883.18030633692
80 5890.37756805153
81 5864.74011716129
82 5849.20565476485
83 5859.28629151419
84 5843.39420120647
85 5792.52163082619
86 5765.69953747982
87 5789.8170697471
88 5813.01818049171
89 5795.94144772785
90 5773.43324106136
91 5779.95995044231
92 5778.84236321954
93 5737.26811853267
94 5695.87268780144
95 5706.60152513999
96 5737.62574644396
97 5733.08834231953
98 5704.45575767228
99 5699.71718784776
100 5707.38383619593
101 5680.40528063837
102 5631.94669865927
103 5624.86119566693
104 5661.02631819562
105 5671.59869332298
106 5643.4801987982
107 5624.68238171129
108 5634.07011438252
109 5621.95546888774
110 5573.38512818636
111 5542.38325862685
112 5568.46774440619
113 5595.15572728583
114 5578.66013987781
115 5555.54843611103
116 5561.58340711396
117 5564.55618912651
118 5528.54752880901
119 5484.42518525424
120 5489.81195566797
121 5521.86435721688
122 5519.29390660452
123 5493.90232490329
124 5491.46598475766
125 5499.62437148385
126 5476.46796422815
127 5425.50598687005
128 5414.06189370893
129 5448.19300749219
130 5462.76634487705
131 5442.64977486727
132 5428.65758283825
133 5440.28048995501
134 5434.06670499643
135 5387.73153874058
136 5356.61791045879
137 5381.517753782
138 5408.63041980629
139 5396.04638767796
140 5371.72768971058
141 5376.57801825738
142 5381.60716075983
143 5344.57032019738
144 5299.39744465321
145 5307.10879649029
146 5342.24573877403
147 5344.50326496402
148 5317.54706115092
149 5313.30022970441
150 5326.01837229948
151 5304.35953192229
152 5253.39755456419
153 5239.00303113497
154 5272.30713037338
155 5290.61320908227
156 5267.9932436935
157 5246.91554867215
158 5258.33729008881
159 5252.90581618617
160 5206.70476039705
161 5173.33360592528
162 5213.54439420037
163 5258.31493834435
164 5202.50263243945
165 5148.21024515751
166 5203.35199872875
167 5234.733847944
168 5152.77000102639
169 5072.28136924283
170 5127.08784664725
171 5200.78154811639
172 5164.88464652117
173 5090.67685492955
174 5120.42702679956
175 5177.44632690505
176 5129.30066934832
177 5025.20859541995
178 5032.74113330139
179 5123.04218090083
180 5126.99843966942
181 5047.78385731982
182 5036.63033683662
183 5105.38430278114
184 5099.72931143395
185 4994.92198168301
186 4951.15726603952
187 5033.05405772377
188 5076.77406987835
189 5013.02689469181
190 4963.62953944558
191 5020.9841157179
192 5052.07539225523
193 4968.59162671466
194 4883.87851522905
195 4940.16020776751
196 5019.9335837285
197 4987.65766473504
198 4909.40420739701
199 4933.99112629785
200 4994.29613283827
201 4949.30207124973
202 4843.48891299831
203 4850.23913982381
204 4944.04941130274
205 4951.71605965091
206 4871.85327671209
207 4854.77654394824
208 4924.33517269315
209 4921.76472208079
210 4817.3373719856
211 4768.87879000649
212 4850.82028517965
213 4900.5082131038
214 4841.81253216416
215 4789.04006350518
216 4844.80766592117
217 4882.58211405064
218 4804.77569160172
219 4717.40272252592
220 4766.59891207205
221 4848.07102061165
222 4822.43356972141
223 4745.38710658397
224 4765.54838008265
225 4829.60847969156
226 4791.16347922843
227 4686.04322505513
228 4686.93729483334
229 4781.50752562374
230 4799.4336246769
231 4723.39299003994
232 4700.72832116226
233 4771.89627550796
234 4776.43367963239
235 4676.00729179469
236 4622.78778824661
237 4706.00333285371
238 4764.18492367088
239 4706.51742297619
240 4646.95002400279
241 4699.34251300603
242 4740.17915012588
243 4667.22305622376
244 4575.69266267927
245 4619.94911670078
246 4708.81965265508
247 4690.31240824609
248 4611.94719218578
249 4624.15124465838
250 4689.15011753441
251 4661.18808522082
252 4555.3749269694
253 4546.00954604263
254 4642.77024778965
255 4669.3017684581
0 4596.05510187806
1 4564.13681079588
2 4628.33102087152
3 4643.64196582341
4 4552.58095891249
5 4487.73854824764
6 4551.91040657883
7 4615.88109920992
8 4610.44962530728
9 4583.71693893873
10 4579.44775574777
11 4586.22033431772
12 4562.84040961747
13 4516.63935382835
14 4506.60342056792
15 4539.79576108405
16 4555.44198220277
17 4535.59363312645
18 4520.99794399714
19 4530.09510399045
20 4523.43428414277
21 4482.73175748965
22 4456.17788507675
23 4479.98249292165
24 4509.8667752584
25 4503.25065889962
26 4481.70357724471
27 4483.31290284549
28 4484.58695227944
29 4453.74154493112
30 4413.6425153783
31 4416.57059390194
32 4449.96410011817
33 4458.27894905555
34 4438.47530346814
35 4428.81934986345
36 4435.43546622222
37 4423.58904166091
38 4387.7368435546
39 4369.60957880134
40 4393.92827676872
41 4417.35290495788
42 4408.23339322011
43 4389.6367418333
44 4388.74267205509
45 4385.59107608689
46 4359.28307286299
47 4327.1189125918
48 4332.21511032761
49 4361.33943335288
50 4370.79422125748
51 4357.78550598449
52 4342.25104358805
53 4340.12762786479
54 4332.55038649444
55 4301.32499949038
56 4278.12388874577
57 4293.50188893102
58 4320.10046483284
59 4324.88373814627
60 4304.14131929175
61 4291.75845286351
62 4297.54755467743
63 4284.62824638227
64 4244.43980985162
65 4226.26784160946
66 4258.02967048045
67 4290.90908657421
68 4278.54857189042
69 4246.54087383042
70 4252.37467913326
71 4272.33478693185
72 4239.88005398274
73 4176.64696891868
74 4171.90839909415
75 4233.21923413506
76 4247.47964709755
77 4193.5895912158
78 4174.68001540661
79 4224.63616426422
80 4234.4485800801
81 4146.47211390401
82 4094.72782548998
83 4165.33698622429
84 4233.5992137908
85 4174.8364776178
86 4108.0718169298
87 4155.94925355306
88 4224.43499856412
89 4147.23207321549
90 4027.76199910188
91 4064.24004605294
92 4186.6381986902
93 4164.64408214618
94 4047.29742375582
95 4052.77360114737
96 4168.28741649239
97 4166.4322217026
98 4028.99134504692
99 3999.82231853274
100 4123.56157583732
101 4160.19608499957
102 4025.68328686753
103 3960.43854480249
104 4078.56751424879
105 4154.45168667456
106 4028.14197875762
107 3924.09460831816
108 4025.41506593407
109 4139.96775626752
110 4038.20026376251
111 3895.75259634883
112 3969.49100130689
113 4120.38762812467
114 4045.41987722157
115 3862.62731106607
116 3903.10632027463
117 4092.17972662207
118 4067.10106934322
119 3850.66912778248
120 3839.06857241018
121 4055.70167967101
122 4087.8658399422
123 3841.79548523372
124 3765.8889610635
125 3993.78734752981
126 4098.39351158065
127 3847.47282832537
128 3701.42653005439
129 3920.76419839432
130 4098.6170290252
131 3865.48833435635
132 3643.28964272614
133 3831.69249673992
134 4088.64815099813
135 3906.10145403164
136 3616.57930810205
137 3746.13001896501
138 4057.33335701625
139 3945.32876555071
140 3598.22852590424
141 3649.95046257382
142 4005.16438545756
143 3987.4394521045
144 3601.87186025046
145 3560.65524347487
146 3932.27534678881
147 4020.78825483182
148 3618.81448254758
149 3473.25992265462
150 3848.83628473714
151 4054.89701687062
152 3659.09232605604
153 3398.53804094053
154 3737.85987351654
155 4060.5073047289
156 3717.65389652895
157 3351.97935724012
158 3623.73186632775
159 4040.65895565259
160 3791.66052242047
161 3337.71894427764
162 3502.71952184671
163 3986.27716139283
164 3862.33673838815
165 3345.22913041462
166 3390.26789549206
167 3912.2258320124
168 3930.08487583219
169 3379.42729943124
170 3286.64520819726
171 3809.2513453068
172 3975.77184149883
173 3433.3620588019
174 3205.82130024687
175 3694.36337880652
176 4005.3431994132
177 3512.42017894032
178 3145.20336928408
179 3552.56391198205
180 3987.39474861559
181 3597.87089799296
182 3125.80205509687
183 3418.69931443922
184 3936.90215789105
185 3686.54026824716
186 3142.49880820499
187 3292.4790135001
188 3838.17450263196
189 3746.82292304312
190 3191.91851519567
191 3200.0545501774
192 3727.35455362255
193 3785.51379269526
194 3252.31292871391
195 3129.60185165427
196 3609.27028766516
197 3802.83639464812
198 3327.48184531711
199 3088.47464185651
200 3498.33857993347
201 3803.57400221515
202 3400.19207003022
203 3053.6729757396
204 3376.47686916314
205 3777.53421992471
206 3476.7691465341
207 3040.57485348879
208 3259.4207834507
209 3735.87056826002
210 3551.20045557028
211 3035.94804238654
212 3135.90504359067
213 3671.9669308623
214 3631.91260479839
215 3056.73516472997
216 3019.65362067862
217 3593.55701131308
218 3713.85409997155
219 3104.34438041978
220 2909.92890714752
221 3483.25115242614
222 3780.90933333747
223 3191.02444541746
224 2832.99420273235
225 3352.76166829606
226 3814.12402559805
227 3299.07277811441
228 2777.18189682745
229 3196.54532629792
230 3815.01809537626
231 3427.19297733223
232 2752.99730932681
233 3037.57971973177
234 3795.46031897787
235 3578.11195589447
236 2747.43172495743
237 2855.7259268434
238 3753.886074291
239 3761.21744647234
240 2774.61144621509
241 2644.50194174074
242 3666.20018079283
243 3974.65425427607
244 2845.77940056078
245 2391.36843578439
246 3539.04110658659
247 4279.82262132438
248 2971.5526666108
249 1958.63866312965
250 3374.12993599533
251 4484.27402785707
252 -59637.091712605
253 -187500.022351744
254 -167967.905755985
255 80326.939264171
0 125134.073213824
1 -131434.940568798
2 -184181.280038509
3 42607.3646673399
4 154026.832166533
5 -82181.418798139
6 -187500.022351744
7 -6686.32318810501
8 162930.940142982
9 -37798.6774204585
10 -187500.022351744
11 -54735.8011884452
12 148313.770987245
13 -43166.6276653561
14 -187500.022351744
15 -107963.999565124
16 129357.837660055
17 -10022.4104550374
18 -187500.022351744
19 -155586.358080668
20 83669.1509090842
21 166166.198690677
22 147950.577491591
23 145664.999862313
24 144956.315452613
25 142625.095561158
26 139812.106169713
27 138671.295484459
28 138356.873495206
29 136912.660230715
30 134762.780042026
31 133603.484464107
32 133249.499887168
33 132243.626683191
34 130476.609525276
35 129299.119627371
36 128912.725020972
37 128187.142692464
38 126673.884889351
39 125474.24441269
40 125062.122948423
41 124547.071700939
42 123239.695816004
43 122024.453821713
44 121567.137130158
45 121204.345965904
46 120104.506028236
47 118880.904481519
48 118357.963068242
49 118117.927684537
50 117209.776307318
51 115975.490626751
52 115383.035288219
53 115247.293144142
54 114537.982885597
55 113295.270597371
56 112605.384004758
57 112547.358876152
58 112041.561250873
59 110798.223113802
60 109984.217284228
61 109984.127877251
62 109715.616371109
63 108490.092574369
64 107504.358292146
65 107532.07445527
66 107535.226051238
67 106357.378525421
68 105137.86734794
69 105149.981993435
70 105489.3485295
71 104429.294696962
72 102903.274047765
73 102804.747558206
74 103507.464052136
75 102690.351330084
76 100820.136168019
77 100481.998977899
78 101552.513426842
79 101135.563985773
80 98914.4711392488
81 98151.9190254115
82 100558.665461381
83 112645.907717455
84 60988.4781823728
85 -54771.5863313182
86 27601.1857511027
87 177461.965675588
88 132482.723293629
89 -114908.775974366
90 -88885.9363062306
91 155174.504837335
92 153441.015296103
93 -94120.2231192855
94 -125443.264894875
95 131342.873733386
96 174914.067973383
97 -43457.8932473532
98 -155503.58957095
99 89573.5206691647
100 184612.73576173
101 1509.54741353362
102 -169504.09644891
103 41132.5742164343
104 187500
105 51488.8750301451
106 -167342.191021704
107 -7690.83293567096
108 183281.15293755
109 95772.0393862771
110 -151468.920882812
111 -49571.3859285576
112 173469.385322259
113 142072.359272523
114 -110483.689365827
115 -90690.5267465743
116 155871.87926434
117 165922.788193558
118 -66405.8704860056
119 -187500.022351744
120 -187500.022351744
121 -187500.022351744
122 -187500.022351744
123 -187500.022351744
124 -187500.022351744
125 -187500.022351744
126 -187500.022351744
127 -187500.022351744
128 -187500.022351744
129 -187500.022351744
130 -187500.022351744
131 -187500.022351744
132 -187500.022351744
133 -187500.022351744
134 -187500.022351744
135 -187500.022351744
136 -187500.022351744
137 -187500.022351744
138 -187500.022351744
139 -187500.022351744
140 -187500.022351744
141 -187500.022351744
142 -187500.022351744
143 -187500.022351744
144 -187500.022351744
145 -187500.022351744
146 -187500.022351744
147 -187500.022351744
148 -187500.022351744
149 -187500.022351744
150 -187500.022351744
151 -187500.022351744
152 -187500.022351744
153 -187500.022351744
154 -187500.022351744
155 -187500.022351744
156 -186856.78384981
157 -185014.664830526
158 -183499.931812278
159 -183170.645912963
160 -182612.701667869
161 -180902.10031296
162 -179217.315222897
163 -178864.157660503
164 -178615.673317393
165 -177073.246487766
166 -175175.113996877
167 -174724.324014702
168 -174805.103219164
169 -173500.297784841
170 -171416.802277184
171 -170757.872850641
172 -171080.721447554
173 -170093.288432752
174 -167974.566575833
175 -167040.487175046
176 -167463.672752818
177 -166830.224314955
178 -164761.100978983
179 -163505.938769095
180 -163947.25161162
181 -163702.209437157
182 -161768.537672584
183 -160198.551142043
184 -160563.041038876
185 -160705.198133611
186 -158931.72132155
187 -156984.102068436
188 -157260.168464204
189 -157933.939449065
190 -156327.877202973
191 -153787.132058994
192 -153902.869391783
193 -155515.033664111
194 -150620.627477244
195 -64434.9383634255
196 30840.7805372215
197 35827.7005943895
198 34655.6198186421
199 36135.2158946056
200 35568.12978603
201 32383.9673261604
202 31041.1415745189
203 32420.177152178
204 32651.204782868
205 29921.6768052193
206 28191.9647088009
207 29507.3201665068
208 30520.435335688
209 27983.0653051216
210 25502.4687054716
211 27326.7957361693
212 78708.4270964178
213 111906.713176574
214 -130391.538785879
215 -169532.19259169
216 68142.601030183
217 173775.000724197
218 -30439.4102620375
219 -187500.022351744
220 -187500.022351744
221 -187500.022351744
222 -187500.022351744
223 -187500.022351744
224 -187500.022351744
225 -187500.022351744
226 -187500.022351744
227 -187500.022351744
228 -187500.022351744
229 -187500.022351744
230 -187500.022351744
231 -187500.022351744
232 -187500.022351744
233 -187500.022351744
234 -187500.022351744
235 -187500.022351744
236 -187500.022351744
237 -187500.022351744
238 -187500.022351744
239 -187500.022351744
240 -187500.022351744
241 -187500.022351744
242 -187500.022351744
243 -187500.022351744
244 -187500.022351744
245 -187500.022351744
246 -187500.022351744
247 -187500.022351744
248 -187500.022351744
249 -187500.022351744
250 -187500.022351744
251 -187500.022351744
252 -187500.022351744
253 -187500.022351744
254 -187500.022351744
255 -186942.681603751
0 -186227.291670715
1 -185082.256505758
2 -183977.365073844
3 -183299.01198137
4 -182631.76770589
5 -181632.55532176
6 -180586.828957418
7 -179873.093053471
8 -179253.972083804
9 -178402.03534389
10 -177463.1279663
11 -176736.606864525
12 -176124.839618783
13 -175349.032920484
14 -174467.211898233
15 -173728.330281774
16 -173110.975099918
17 -172393.506454647
18 -171582.853386742
19 -170853.560668655
20 -170228.516486706
21 -169549.626952365
22 -168795.568501421
23 -168088.940452211
24 -167458.129520193
25 -166801.90465473
26 -166098.629367188
27 -165419.80688808
28 -164793.153380531
29 -164154.49698621
30 -163484.905777562
31 -162835.162917991
32 -162220.802869892
33 -161599.066746124
34 -160960.49975878
35 -160339.769463512
36 -159745.280116234
37 -159139.056103117
38 -158518.549325293
39 -157920.640161114
40 -157347.049694902
41 -156757.075400004
42 -156157.981593368
43 -155581.373641655
44 -155027.162137885
45 -154452.722305384
46 -153863.463266309
47 -153301.22748628
48 -152766.663165887
49 -152214.306856907
50 -151643.935041897
51 -151095.736157386
52 -150579.947302335
53 -150046.388810443
54 -149486.589370559
55 -148948.202901864
56 -148447.926157466
57 -147937.948755973
58 -147397.617685511
59 -146871.636434989
60 -146385.530696575
61 -145896.720397081
62 -145370.225056437
63 -144852.64806183
64 -144375.684186898
65 -143907.996285915
66 -143404.500890315
67 -142898.859727247
68 -142432.75880012
69 -141983.064053424
70 -141495.348989409
71 -140996.7262741
72 -140534.179274342
73 -140097.873222574
74 -139633.716897215
75 -139148.415821602
76 -138693.155490536
77 -138270.685168586
78 -137823.627927736
79 -137349.435669116
80 -136899.807977654
81 -136489.675818643
82 -136066.959627504
83 -135595.673095664
84 -135138.91519772
85 -134783.187184714
86 -134378.419444373
87 -133874.722883072
88 -133424.402287531
89 -133078.844318252
90 -132708.051229483
91 -132223.510113181
92 -131765.053482658
93 -131417.506208123
94 -131068.975456831
95 -130604.997945428
96 -130141.176896236
97 -129788.935755364
98 -129466.690655552
99 -129029.624644473
100 -128560.059196956
101 -128192.887090789
102 -127880.230889348
103 -127473.585602473
104 -127003.550768322
105 -126618.810191013
106 -126315.049983865
107 -125937.30550257
108 -125472.836252789
109 -125074.684628807
110 -124770.589145492
111 -124420.426716855
112 -123964.406426478
113 -123551.1226715
114 -123245.149641651
115 -122921.094050538
116 -122484.340963881
117 -122061.624772742
118 -121744.006484032
119 -121441.699140274
120 -121027.297798073
121 -120597.920787087
122 -120274.155768651
123 -119990.04274488
124 -119601.994109391
125 -119169.621964648
126 -118829.853097183
127 -118556.111282839
128 -118196.628176764
129 -117766.491206466
130 -117416.373481318
131 -117150.097149622
132 -116820.453622395
133 -116396.195160889
134 -116028.888944255
135 -115763.305516637
136 -115462.786312435
137 -115052.967077847
138 -114675.714334931
139 -114404.408860732
140 -114128.431871943
141 -113739.578573654
142 -113348.311286963
143 -113062.499530613
144 -112804.336882155
145 -112440.383427189
146 -112049.004381776
147 -111753.782541011
148 -111510.036767726
149 -111172.480722962
150 -110774.954947824
151 -110462.857539994
152 -110225.124385968
153 -109914.636303739
154 -109525.134804861
155 -109196.966492768
156 -108937.015704753
157 -108622.549012011
158 -108212.86388789
159 -107836.236993818
160 -107544.099693787
161 -107236.606745315
162 -106828.441539817
163 -106423.740854709
164 -106116.337313215
165 -105826.725760308
166 -105433.402113128
167 -105024.007561685
168 -104711.776043388
169 -104438.928298822
170 -104070.638605432
171 -103659.835894088
172 -103342.083494912
173 -103083.831439475
174 -102736.977069018
175 -102326.30846814
176 -101995.189725779
177 -101744.380801246
178 -101427.164843937
179 -101022.352400106
180 -100679.722509351
181 -100429.67354413
182 -100137.424485376
183 -99744.525521341
184 -99386.5176304004
185 -99129.6737348645
186 -98865.9231502918
187 -98494.1018812778
188 -98126.3486297546
189 -97863.0227283267
190 -97615.1642340618
191 -97261.6266920122
192 -96889.1572224089
193 -96615.3483528314
194 -96387.5393733429
195 -96062.5897124517
196 -95687.6168474694
197 -95400.3298759854
198 -95177.6617977216
199 -94872.381671951
200 -94496.3806267239
201 -94198.7224458125
202 -93987.5878676877
203 -93711.6555823869
204 -93341.2201215291
205 -93030.7990945338
206 -92816.9823070744
207 -92563.3123592511
208 -92202.6446107202
209 -91880.7347870749
210 -91667.633255438
211 -91437.8126189485
212 -91091.4499868691
213 -90755.8385438727
214 -90527.0684393726
215 -90316.3138409035
216 -89993.8005201579
217 -89652.3329201142
218 -89416.1643881994
219 -89222.0841910939
220 -88924.6048241383
221 -88576.431700758
222 -88321.3982965229
223 -88135.0741547435
224 -87864.5956950898
225 -87516.9590135764
226 -87249.6321498909
227 -87069.5888483034
228 -86825.5972058293
229 -86483.0120185628
230 -86194.8086255561
231 -86009.825588444
232 -85791.4043416267
233 -85461.5820004442
234 -85164.0355782551
235 -85021.8561317749
236 -84981.0865498884
237 -84843.9362459107
238 -84617.5130745784
239 -84464.8059564598
240 -84342.0725276557
241 -84113.1683126889
242 -83860.6383038328
243 -83710.6357467932
244 -83614.500893891
245 -83419.9289584075
246 -83166.7954524512
247 -83008.0533633296
248 -82925.8212954785
249 -82762.8323749104
250 -82519.1983603476
251 -82345.9723408189
252 -82265.2154881019
253 -82126.1652858454
254 -81883.7606172276
255 -81695.4918736806
0 -81613.5727302519
1 -81499.735295741
2 -81270.8534325187
3 -81065.6867701634
4 -80970.2895248281
5 -80876.0098667157
6 -80660.6284571443
7 -80443.3471492943
8 -80335.7011479975
9 -80255.4807371474
10 -80063.5910109986
11 -79835.826734999
12 -79707.9747567147
13 -79636.069194802
14 -79465.3912741412
15 -79231.4132131831
16 -79084.182272456
17 -79017.9987571238
18 -78877.3839327555
19 -78646.3786538099
20 -78481.4227797297
21 -78412.1323719183
22 -78293.6010710718
23 -78068.9660392959
24 -77888.7662754972
25 -77814.9384635614
26 -77720.4129362599
27 -77506.9090732228
28 -77309.3643557268
29 -77222.0584418843
30 -77143.8273362908
31 -76947.176688573
32 -76736.9361802264
33 -76634.6769493433
34 -76571.3991607903
35 -76398.2625482395
36 -76180.5342055004
37 -76060.5723930088
38 -76001.4520289245
39 -75851.2483061848
40 -75629.0719662991
41 -75489.5747291535
42 -75435.9081907163
43 -75309.8667037328
44 -75087.8691778027
45 -74929.7976410148
46 -74870.1408350636
47 -74767.3228105692
48 -74553.1483951984
49 -74376.9495936572
50 -74309.6037876134
51 -74230.1209843303
52 -74031.726900545
53 -73839.926581374
54 -73757.9403827119
55 -73695.891940104
56 -73517.3238536506
57 -73316.4934297196
58 -73222.3255303294
59 -73170.4247797042
60 -73012.3308911718
61 -72800.65987118
62 -72682.3297360337
63 -72634.9887412773
64 -72500.5653501231
65 -72288.6261091979
66 -72155.9014506223
67 -72111.1085547338
68 -72003.5966639038
69 -71794.1608183576
70 -71637.6315519371
71 -71584.0544204777
72 -71498.2907770027
73 -71300.3884315954
74 -71133.1750313252
75 -71072.4006381512
76 -71009.3240152984
77 -70828.8783823107
78 -70640.8778596971
79 -70562.4008849145
80 -70512.8023639682
81 -70352.0933213345
82 -70157.4766823622
83 -70061.8559195824
84 -70020.013453962
85 -69881.723211017
86 -69678.3670399627
87 -69560.662753661
88 -69522.3518636646
89 -69412.7612606003
90 -69215.1941913598
91 -69079.3849920493
92 -69034.5250409275
93 -68947.4873480186
94 -68755.7317323365
95 -68598.8001345158
96 -68545.5582792232
97 -68480.7382203029
98 -68305.3217298176
99 -68135.6943411463
100 -68071.8801107264
101 -68022.2592380356
102 -67859.8514628233
103 -67681.5739490478
104 -67603.1416777541
105 -67565.2107674135
106 -67427.5910768021
107 -67240.0375890777
108 -67140.5276227626
109 -67107.7823171356
110 -66995.6883186923
111 -66808.8277350459
112 -66689.1788469766
113 -66654.1089599262
114 -66555.7389325784
115 -66354.6179359696
116 -66204.3248062521
117 -66155.866224273
118 -66074.9082058559
119 -65879.4645523387
120 -65713.5475532469
121 -65659.8586630653
122 -65604.0016536715
123 -65422.0808055497
124 -65242.0598557067
125 -65171.7412676503
126 -65124.1767554494
127 -64959.5561575361
128 -64769.275756988
129 -64683.4897617686
130 -64651.6608776642
131 -64512.0965852853
132 -64314.440109067
133 -64210.1021659496
134 -64182.0730784027
135 -64068.9285479699
136 -63869.4839321952
137 -63745.7670266351
138 -63717.8496978104
139 -63626.9451531106
140 -63431.3450373823
141 -63288.4726868239
142 -63249.5135962383
143 -63180.6478715715
144 -62992.602645469
145 -62832.2288790022
146 -62785.8937127464
147 -62737.8598139119
148 -62566.0196025395
149 -62392.3241963773
150 -62328.8005386353
151 -62296.3011021973
152 -62145.6503445685
153 -61961.2484528123
154 -61882.5479605851
155 -61860.2632713632
156 -61732.1877756343
157 -61538.0628750399
158 -61434.3507807673
159 -61414.0553968019
160 -61312.6455322082
161 -61119.90643977
162 -61000.5704761232
163 -60978.3528421346
164 -60902.1780970309
165 -60712.8588214944
166 -60569.9641191917
167 -60536.548261231
168 -60481.1606384707
169 -60306.4370520636
170 -60152.1429600886
171 -60107.6182851336
172 -60073.0177847168
173 -59914.0968816396
174 -59741.4967109557
175 -59679.5376753256
176 -59655.598957014
177 -59518.8062809475
178 -59340.0593805384
179 -59256.6426702312
180 -59238.9177368781
181 -59125.3485233007
182 -58937.1691867315
183 -58834.1947000259
184 -58820.2695632302
185 -58734.885899411
186 -58552.0933332555
187 -58429.2704974735
188 -58409.3327414194
189 -58346.3008220554
190 -58167.3080524573
191 -58027.4084839116
192 -57999.0664719422
193 -57958.0510208668
194 -57796.1126322881
195 -57642.5561478801
196 -57598.612618281
197 -57572.3269668015
198 -57425.0513225855
199 -57257.279128704
200 -57195.521258774
201 -57183.9654068906
202 -57064.0706496323
203 -56886.7542608683
204 -56803.9857511503
205 -56795.0450533682
206 -56697.5243923097
207 -56519.582154701
208 -56417.1441098623
209 -56407.9798946357
210 -56338.3095071685
211 -56163.8317899504
212 -56045.0322681704
213 -56028.8719569292
214 -55976.971206304
215 -55809.5789920782
216 -55670.9758247108
217 -55644.9360424204
218 -55616.1916990509
219 -55462.3669937094
220 -55308.6987505792
221 -55265.9175116918
222 -55250.0701248729
223 -55116.8090244304
224 -54953.3060137398
225 -54894.2527048889
226 -54890.9446467095
227 -54780.4376221225
228 -54608.0833206276
229 -54526.7676742992
230 -54523.7948922866
231 -54437.0924755445
232 -54262.793572282
233 -54162.3671844443
234 -54160.534341399
235 -54102.1068813928
236 -53934.1782253001
237 -53814.1717093196
238 -53800.2912760128
239 -53762.0697929942
240 -53603.0371311947
241 -53467.8090772401
242 -53445.7255537183
243 -53427.5759372206
244 -53284.1671447953
245 -53132.4882069216
246 -53090.3551686234
247 -53084.4319563427
248 -52960.8938647382
249 -52798.441386037
250 -52740.0139260309
251 -52743.2325772324
252 -52644.6613841845
253 -52476.6209693695
254 -52397.0264073642
255 -52400.3344655436
0 -52326.1937291853
1 -52158.7568114706
2 -52060.9455777342
3 -52062.2866824015
4 -52013.8728039113
5 -51852.2696914994
6 -51732.2631755189
7 -51722.7636841254
8 -51696.1427564791
9 -51547.0342692178
10 -51414.1978519199
11 -51392.4049010759
12 -51382.5254300267
13 -51249.9125301734
14 -51098.4124062553
15 -51058.1345627468
16 -51060.5709028925
17 -50948.3874974713
18 -50790.2042019611
19 -50730.212119843
20 -50738.7728379694
21 -50651.7798485494
22 -50487.5392302918
23 -50407.4529299084
24 -50416.0807032681
25 -50353.9652054268
26 -50191.7809476591
27 -50092.6956644888
28 -50097.4342343133
29 -50061.1350013179
30 -49905.276287231
31 -49785.6497509062
32 -49779.257151992
33 -49762.3815849282
34 -49622.4149611491
35 -49487.6339420836
36 -49466.690357529
37 -49468.0761656852
38 -49344.0910391916
39 -49194.624924019
40 -49154.0565078326
41 -49164.0700893486
42 -49065.1859718783
43 -48909.4613682582
44 -48848.5528646175
45 -48862.2991874575
46 -48786.3479597983
47 -48627.3152979988
48 -48546.5360935373
49 -48560.707099522
50 -48513.7460844214
51 -48358.2002947569
52 -48257.662148197
53 -48264.0100436223
54 -48238.0596683097
55 -48091.9686665498
56 -47972.6997581362
57 -47966.7094906222
58 -47961.2333132307
59 -47822.2948696965
60 -47671.7782225344
61 -47634.4508092941
62 -47632.4615040376
63 -47506.4423687985
64 -47340.2571487733
65 -47276.5099735868
66 -47275.638255553
67 -47171.2109054578
68 -46995.1462143834
69 -46909.6731435863
70 -46906.1862714513
71 -46821.9648983437
72 -46641.2957479114
73 -46532.8003803254
74 -46529.6264326127
75 -46473.2106296075
76 -46294.933115832
77 -46159.3474339661
78 -46137.5097796333
79 -46096.8072529801
80 -45927.0010503532
81 -45773.824545601
82 -45738.3076236615
83 -45714.9276989612
84 -45563.7404994655
85 -45394.0907590497
86 -45329.695383274
87 -45311.5010632874
88 -45185.0795966482
89 -45006.6009171725
90 -44924.0782766436
91 -44906.4203985239
92 -44802.7530077401
93 -44622.3967817303
94 -44518.014135124
95 -44499.4845389705
96 -44416.9171949526
97 -44240.1595998001
98 -44121.1365605756
99 -44097.9130980865
100 -44038.7033270244
101 -43868.0254063637
102 -43726.4718087282
103 -43692.586564134
104 -43655.4603165937
105 -43503.4908060421
106 -43350.8954466457
107 -43299.4864343985
108 -43275.9053439981
109 -43146.7346127909
110 -42980.1470613655
111 -42905.4251796514
112 -42879.4971560832
113 -42782.870564803
114 -42629.8952257508
115 -42526.2501867116
116 -42474.5506017864
117 -42398.487615405
118 -42275.8882970677
119 -42171.7068161615
120 -42107.4455508525
121 -42036.7246313959
122 -41924.3624120191
123 -41816.1352653665
124 -41748.2753692002
125 -41684.0588073801
126 -41572.4788990592
127 -41458.9320372262
128 -41384.791300868
129 -41326.4532478396
130 -41225.3563076682
131 -41107.182634733
132 -41026.0905058492
133 -40970.8369935557
134 -40877.3619982436
135 -40758.8306973971
136 -40671.4353765768
137 -40618.0147073286
138 -40539.0012906791
139 -40424.806228257
140 -40331.5547503894
141 -40275.9883136735
142 -40201.5346528929
143 -40089.0159713049
144 -39991.919993391
145 -39935.1018589856
146 -39872.9640093999
147 -39766.5920575371
148 -39663.3046464091
149 -39600.2727270452
150 -39542.828743795
151 -39444.4363647027
152 -39337.5950262064
153 -39268.4834323506
154 -39220.3824782828
155 -39129.0979539273
156 -39019.2614816739
157 -38942.4161842366
158 -38891.8341865342
159 -38810.1162088056
160 -38701.4196755194
161 -38620.9533954803
162 -38575.8252234251
163 -38505.2160626907
164 -38398.3747241944
165 -38308.0513248505
166 -38254.1612689687
167 -38191.6210879828
168 -38088.5795460438
169 -37993.9646117645
170 -37940.6557012386
171 -37886.676238379
172 -37790.9884203659
173 -37692.5513377847
174 -37630.9722818103
175 -37582.3125341311
176 -37493.0843702655
177 -37392.6356306834
178 -37327.1450194293
179 -37280.5639839845
180 -37198.6001370669
181 -37094.7092288386
182 -37020.3449750358
183 -36977.4296256816
184 -36907.2227963475
185 -36804.9859172089
186 -36725.5254656703
187 -36680.5984593151
188 -36616.4936562173
189 -36515.9108061684
190 -36428.0013952257
191 -36380.6156969804
192 -36325.6080538759
193 -36230.9931195966
194 -36140.9826446751
195 -36088.8136731164
196 -36041.3162161489
197 -35951.3057412274
198 -35854.3438737802
199 -35794.1059224732
200 -35750.6541312521
201 -35669.0032087568
202 -35572.9354110879
203 -35509.0541254347
204 -35468.9550958818
205 -35395.0602287126
206 -35295.8855385644
207 -35225.9692819082
208 -35187.6360401673
209 -35122.8830364803
210 -35026.5917213669
211 -34950.0593483519
212 -34909.9379670546
213 -34852.2481146155
214 -34755.1968401905
215 -34670.7072461495
216 -34625.3779083941
217 -34576.9640299039
218 -34488.5405288387
219 -34400.631117896
220 -34351.881963239
221 -34310.3971255299
222 -34224.7675925216
223 -34132.544294899
224 -34079.0565704175
225 -34045.0372153565
226 -33971.7458452875
227 -33879.1202162648
228 -33818.3458230908
229 -33782.6724389401
230 -33713.5161415954
231 -33618.8565038272
232 -33548.2249913484
233 -33512.3057380087
234 -33455.5993623256
235 -33361.85614608
236 -33286.6648777324
237 -33249.4268714698
238 -33198.6213563229
239 -33109.0579162905
240 -33028.278711829
241 -32987.9114613428
242 -32948.01359749
243 -32864.4180732272
244 -32779.0344094079
245 -32733.9956443305
246 -32699.5069026359
247 -32623.0192331099
248 -32535.0427669338
249 -32482.7173331639
250 -32450.2626002148
251 -32379.9887156473
252 -32288.4136186139
253 -32228.2427225402
254 -32197.5537774031
255 -32137.2711226071
0 -32047.3947581523
1 -31983.8263969214
2 -31957.1831175307
3 -31908.1433901958
4 -31822.4020984652
5 -31750.8094609749
6 -31715.5160564799
7 -31673.5171286484
8 -31589.452217752
9 -31513.1880656705
10 -31477.5370332643
11 -31442.176573536
12 -31364.6383720205
13 -31282.1604349804
14 -31236.2946553582
15 -31206.5221317437
16 -31136.7399855542
17 -31052.3621502354
18 -31003.1436089448
19 -30975.315687098
20 -30912.775506112
21 -30828.0847463709
22 -30769.3220101979
23 -30742.1199371958
24 -30688.4086952697
25 -30603.8296942508
26 -30542.8317836323
27 -30515.9873385414
28 -30471.3956083531
29 -30387.5542149012
30 -30314.2404930878
31 -30281.8304636276
32 -30243.3407596756
33 -30165.2437645488
34 -30091.371249124
35 -30055.4296440398
36 -30024.3383675025
37 -29949.549430555
38 -29866.4679964147
39 -29821.4292313372
40 -29794.0706961239
41 -29728.6471401032
42 -29647.6220664528
43 -29596.973013517
44 -29572.1178736827
45 -29516.1044020777
46 -29432.5982847927
47 -29375.9813160874
48 -29352.3331704537
49 -29306.1321146646
50 -29226.4034421925
51 -29164.0867786511
52 -29137.5999614716
53 -29099.0879057751
54 -29020.6779862258
55 -28952.0357790036
56 -28922.1962001558
57 -28890.1437986069
58 -28818.282940183
59 -28746.802061415
60 -28712.9168168207
61 -28688.8886915313
62 -28619.1959523196
63 -28539.9143147366
64 -28497.7812764384
65 -28476.5024157169
66 -28420.1760196896
67 -28341.6543414181
68 -28294.6486228286
69 -28275.9849162084
70 -28223.927703372
71 -28143.2379058883
72 -28087.8055796391
73 -28066.5043671732
74 -28025.8688957535
75 -27947.101348293
76 -27885.1199609184
77 -27861.3824083069
78 -27827.0277770791
79 -27751.7918052425
80 -27682.6802113867
81 -27655.2769726845
82 -27631.6958822842
83 -27563.254840762
84 -27490.3881538377
85 -27456.23468831
86 -27433.6817781546
87 -27370.5157483239
88 -27295.9056253321
89 -27255.6277818236
90 -27240.0933194272
91 -27188.147865313
92 -27111.6154922981
93 -27064.0062766083
94 -27045.4766804548
95 -26999.5885490881
96 -26923.7267284068
97 -26869.9484312473
98 -26853.0505124391
99 -26817.1983143328
100 -26742.6105430854
101 -26682.3725917784
102 -26659.9537920897
103 -26630.3377306864
104 -26560.1532530967
105 -26493.9026825312
106 -26469.1816531636
107 -26447.0757778973
108 -26380.8028555873
109 -26309.1655146081
110 -26273.3803717351
111 -26254.1131680147
112 -26196.5797777867
113 -26125.0318437853
114 -26088.7773142788
115 -26073.9357559604
116 -26023.6666826805
117 -25948.3636556105
118 -25900.6650329429
119 -25885.5776054356
120 -25845.2550584382
121 -25772.4554267473
122 -25721.4263941558
123 -25706.1601526928
124 -25672.4984255431
125 -25599.0729450074
126 -25537.2480198441
127 -25516.0138626115
128 -25491.4716471996
129 -25424.9081522117
130 -25361.2280322585
131 -25336.3281889353
132 -25317.5303718484
133 -25256.5771647188
134 -25186.929128996
135 -25156.1507768811
136 -25142.9855993969
137 -25090.8836830716
138 -25021.0791851377
139 -24982.5894811856
140 -24968.66434439
141 -24921.9491984784
142 -24848.9707528318
143 -24801.607406331
144 -24788.5763393135
145 -24754.2664115747
146 -24685.5795008635
147 -24633.9916746606
148 -24617.9654738862
149 -24591.3668979844
150 -24524.9598652077
151 -24466.2194807791
152 -24447.5781259034
153 -24429.4732128946
154 -24368.3188400649
155 -24304.4375544116
156 -24277.6825162986
157 -24261.8574812242
158 -24204.3464427407
159 -24137.0006366969
160 -24105.6187874816
161 -24093.8394181537
162 -24047.660714109
163 -23979.420838287
164 -23941.668741902
165 -23931.9457330639
166 -23890.3044331437
167 -23820.5669904431
168 -23774.857673032
169 -23765.3581816385
170 -23738.8266609701
171 -23670.9667648037
172 -23617.4119850888
173 -23602.1233918814
174 -23577.1564933248
175 -23512.9175797603
176 -23453.8866226538
177 -23435.1558608003
178 -23421.3424827269
179 -23363.2055953986
180 -23300.1066208013
181 -23275.1397222447
182 -23261.3486959158
183 -23209.4255935461
184 -23144.9184590481
185 -23114.967121478
186 -23110.7202900315
187 -23068.6319552221
188 -23000.5708933557
189 -22962.0811894037
190 -22953.5428230218
191 -22918.2270667824
192 -22850.8142055052
193 -22805.3060537942
194 -22796.8123909011
195 -22769.4091521989
196 -22702.6221397665
197 -22648.7544356292
198 -22631.0071505317
199 -22610.1529729549
200 -22549.4456350143
201 -22492.2251692087
202 -22477.0483347235
203 -22465.537186329
204 -22409.3449007684
205 -22346.4247401267
206 -22320.7202340031
207 -22312.1595158767
208 -22264.0585618089
209 -22199.752593011
210 -22171.0753048748
211 -22166.7837699394
212 -22130.0151503104
213 -22064.4127803341
214 -22024.4255095035
215 -22020.4468989905
216 -21991.1437620096
217 -21926.3237030892
218 -21881.8660833676
219 -21874.668821653
220 -21851.892394053
221 -21788.8381229446
222 -21734.4563286848
223 -21720.5758953781
224 -21704.8849707705
225 -21647.5750979871
226 -21592.9697862828
227 -21574.6413558294
228 -21564.7171812912
229 -21513.1964103218
230 -21450.9468020137
231 -21426.6281040464
232 -21422.3365691109
233 -21379.6223854568
234 -21319.0715097274
235 -21285.9909279336
236 -21280.6265092643
237 -21246.0483605919
238 -21180.7812667824
239 -21141.5316035189
240 -21135.7872051939
241 -21108.4733734695
242 -21047.6095733177
243 -21003.4201745296
244 -20996.0217471149
245 -20977.4921509614
246 -20915.711929287
247 -20862.9171088835
248 -20851.1153878111
249 -20840.8559371061
250 -20788.9328347365
251 -20733.8357846541
252 -20715.3061885007
253 -20706.9689878188
254 -20657.7951500172
255 -20596.7078324208
0 -20569.5728146521
1 -20564.9236518054
2 -20528.870287999
3 -20468.1182465694
4 -20433.7859670861
5 -20428.8685833059
6 -20395.3186148785
7 -20331.3702739919
8 -20291.6512240948
9 -20286.0632879809
10 -20264.6950202817
11 -20204.9935108416
12 -20158.0548474854
13 -20151.9081177602
14 -20136.6195245528
15 -20079.6449279362
16 -20027.4312528886
17 -20015.1377934382
18 -20008.454621846
19 -19958.0067346104
20 -19902.2614839389
21 -19884.201274419
22 -19879.8650359947
23 -19837.9778668854
24 -19780.4444766574
25 -19755.7234472899
26 -19756.7292757904
27 -19721.9276096735
28 -19662.3378589556
29 -19629.5478498397
30 -19626.0833294491
31 -19598.0318901577
32 -19538.5762499066
33 -19501.2935401551
34 -19501.5394093441
35 -19482.7639440017
36 -19424.4705944622
37 -19376.593157839
38 -19366.5348728341
39 -19354.3308203615
40 -19300.1054883129
41 -19246.9530399982
42 -19235.7324642816
43 -19230.9715427126
44 -19182.0659258444
45 -19125.1360327168
46 -19104.0583376954
47 -19102.4490120946
48 -19060.98652613
49 -19002.5814178683
50 -18978.5756443233
51 -18980.9225774911
52 -18950.4571497985
53 -18891.2920822253
54 -18855.9986777304
55 -18856.0657329638
56 -18833.1104914082
57 -18775.5994529247
58 -18737.7132460729
59 -18735.9698100054
60 -18721.8435075096
61 -18666.5899952161
62 -18618.4666894039
63 -18612.3199596786
64 -18604.1168694635
65 -18552.9760781498
66 -18500.9188653134
67 -18486.613748862
68 -18484.7585540722
69 -18441.2173558733
70 -18384.6897941458
71 -18365.5567008921
72 -18368.2165584822
73 -18333.2360784097
74 -18276.7755719156
75 -18250.2216995027
76 -18252.792150115
77 -18224.4724898902
78 -18164.1227798608
79 -18127.6894363987
80 -18126.3706834758
81 -18106.298816955
82 -18051.1123598948
83 -18008.9569698521
84 -18006.252408773
85 -17995.4118127122
86 -17941.6558672972
87 -17893.6666719516
88 -17887.1846660596
89 -17883.8542561357
90 -17839.5530986253
91 -17788.8146387118
92 -17774.5542257493
93 -17774.4871705159
94 -17733.0023328069
95 -17677.3464891132
96 -17655.6652969915
97 -17657.4534365479
98 -17627.9938373558
99 -17571.5109791173
100 -17541.3584758471
101 -17543.660705526
102 -17518.8279174361
103 -17462.3450591976
104 -17425.9340674799
105 -17426.2469919022
106 -17411.5395440506
107 -17356.7554183907
108 -17315.0470632371
109 -17309.2803131676
110 -17297.9926822177
111 -17248.6400304604
112 -17201.9695880377
113 -17193.3641664224
114 -17192.8724280444
115 -17149.4653403122
116 -17099.3974327323
117 -17084.1088395248
118 -17082.8571418353
119 -17045.2391559171
120 -16992.5337424915
121 -16972.774800393
122 -16977.5804254509
123 -16948.6796198701
124 -16894.4095843327
125 -16864.8382264183
126 -16865.1735025851
127 -16844.4087319861
128 -16790.4963243599
129 -16753.5041872864
130 -16755.1358646316
131 -16743.714123215
132 -16692.707442368
133 -16651.17790117
134 -16647.7580842683
135 -16642.4160173435
136 -16595.0750225872
137 -16549.5445191317
138 -16543.5766033622
139 -16542.928402773
140 -16501.3094545972
141 -16449.2522417608
142 -16432.0413985302
143 -16434.4553869313
144 -16400.614845826
145 -16347.5518044891
146 -16327.2117170348
147 -16333.7831299046
148 -16309.4197284484
149 -16255.5520243111
150 -16222.6502564729
151 -16224.0360646291
152 -16207.9428086213
153 -16155.7067818292
154 -16119.5416593005
155 -16120.5921912899
156 -16110.6680167518
157 -16060.8683301053
158 -16016.8353935284
159 -16012.5885620819
160 -16010.9121812477
161 -15967.7286109601
162 -15921.1252237708
163 -15911.2904562104
164 -15913.4138719337
165 -15873.5607115699
166 -15819.9165248771
167 -15801.8786671017
168 -15807.0195683264
169 -15776.5764923783
170 -15725.9050876981
171 -15703.3521775427
172 -15709.1859828455
173 -15684.9119883671
174 -15627.6468190726
175 -15594.7897547233
176 -15598.4777925584
177 -15586.0949261302
178 -15537.7481028733
179 -15500.2642274218
180 -15501.3594629001
181 -15494.8104017747
182 -15446.2847645622
183 -15401.8271448406
184 -15397.3344442051
185 -15397.9155895609
186 -15356.0731239406
187 -15309.4250332624
188 -15299.5008587242
189 -15302.8536203925
190 -15265.6603176189
191 -15215.2571338722
192 -15197.3086830746
193 -15203.9024476889
194 -15179.5390462326
195 -15128.2641444521
196 -15102.9396179842
197 -15109.1310511984
198 -15088.9027224663
199 -15037.6054689414
200 -15003.9660935361
201 -15007.3859104378
202 -14998.8475440559
203 -14950.25485161
204 -14912.0557203359
205 -14911.3851680023
206 -14906.6913016667
207 -14860.8031702999
208 -14816.3455505783
209 -14812.1210708763
210 -14818.1113383903
211 -14780.4710007275
212 -14732.9511920156
213 -14720.7694912874
214 -14724.3234186558
215 -14688.5382757829
216 -14635.8105106128
217 -14615.4704231585
218 -14622.6006296397
219 -14598.3042834168
220 -14544.9059659131
221 -14517.6815411665
222 -14523.0906633247
223 -14507.7573666283
224 -14457.3541828816
225 -14425.1900226104
226 -14431.4708628024
227 -14425.1453191215
228 -14376.8431993536
229 -14336.9229837564
230 -14334.9783819888
231 -14332.7432075433
232 -14290.4313552894
233 -14245.9290320789
234 -14241.9504215658
235 -14246.8007501126
236 -14211.4626421288
237 -14163.0487636386
238 -14149.2577373097
239 -14158.0643246251
240 -14130.9740103452
241 -14079.7885155426
242 -14063.2705763901
243 -14073.9100067508
244 -14053.793436741
245 -14001.9597413492
246 -13972.0978107569
247 -13978.2668922266
248 -13967.1133717434
249 -13920.5323362985
250 -13887.6082167158
251 -13891.7432894401
252 -13888.7258039386
253 -13843.5752801389
254 -13801.017558696
255 -13799.0729569284
0 -13803.0739191859
1 -13764.3606977893
2 -13720.6630373792
3 -13712.0799675083
4 -13717.8914210667
5 -13684.0285282169
6 -13634.1394345927
7 -13620.1248908192
8 -13627.3892077672
9 -13602.0870330437
10 -13554.0754859537
11 -13531.5672792873
12 -13539.3903898466
13 -13521.6207530046
14 -13471.3963832136
15 -13441.5568043657
16 -13446.0718567457
17 -13438.0252287418
18 -13395.6239695101
19 -13361.5375592157
20 -13363.2362917943
21 -13359.3247365147
22 -13313.1907359589
23 -13272.8458372171
24 -13271.0576976606
25 -13274.9469011959
26 -13240.4581595013
27 -13197.1181270025
28 -13187.7750978202
29 -13194.1453449899
30 -13161.5788533186
31 -13113.5226027396
32 -13096.602332187
33 -13106.1465270694
34 -13088.0416140606
35 -13040.3206396485
36 -13019.4441103273
37 -13029.3906366099
38 -13013.2750288576
39 -12962.9836038332
40 -12931.8476238069
41 -12937.9272982988
42 -12933.032266263
43 -12886.9429691962
44 -12849.5037972336
45 -12850.5766809674
46 -12849.5485007225
47 -12808.2648287135
48 -12766.1541421597
49 -12761.2144066351
50 -12768.2999096274
51 -12734.3923132887
52 -12689.8229348448
53 -12678.736469595
54 -12683.5197429084
55 -12654.0601437164
56 -12608.5519920053
57 -12593.5763232203
58 -12605.6239134817
59 -12586.6472824391
60 -12539.5074533829
61 -12516.0604734493
62 -12521.8048717743
63 -12510.3384268687
64 -12464.9643856245
65 -12435.0130480543
66 -12442.7243998914
67 -12438.3881614671
68 -12395.0928324572
69 -12358.6371372506
70 -12356.6701837385
71 -12357.6089570056
72 -12320.7732821433
73 -12281.5906741131
74 -12278.8190578007
75 -12285.166953226
76 -12252.1534266655
77 -12208.1651935774
78 -12196.1846585494
79 -12204.4324522534
80 -12180.1808095194
81 -12137.1537014429
82 -12122.2674396357
83 -12133.1080356965
84 -12117.1041866665
85 -12069.9643576103
86 -12042.8069880971
87 -12050.6300986564
88 -12041.9352700633
89 -11996.4941735857
90 -11966.1405046154
91 -11974.075373897
92 -11974.7012227418
93 -11931.9423355987
94 -11891.5750851125
95 -11893.1173554799
96 -11899.1076229939
97 -11862.0037271981
98 -11822.2176220676
99 -11819.9600958777
100 -11829.6384012268
101 -11798.1894967782
102 -11749.6862113102
103 -11737.99624896
104 -11749.9991357325
105 -11728.273240122
106 -11683.0780128334
107 -11665.1519137802
108 -11679.4793819761
109 -11665.4648382026
110 -11613.8993637442
111 -11586.496125042
112 -11600.0636339263
113 -11596.4202995801
114 -11551.3591827582
115 -11520.4020166876
116 -11529.1639005141
117 -11531.7567028709
118 -11488.6178360722
119 -11448.8317309417
120 -11450.7986844538
121 -11459.8734927027
122 -11425.720027175
123 -11381.7764975758
124 -11377.4626108959
125 -11390.7395471024
126 -11360.2964711543
127 -11312.6425519756
128 -11299.3879675136
129 -11315.1459473545
130 -11299.6338367026
131 -11252.2704902018
132 -11231.7292370473
133 -11245.162635465
134 -11232.6680103145
135 -11185.7516987028
136 -11158.3261082561
137 -11169.9713671173
138 -11171.4689339958
139 -11127.7042183523
140 -11092.8354970021
141 -11099.1833924274
142 -11102.4690988623
143 -11063.0853251321
144 -11022.6733711569
145 -11023.4780339572
146 -11036.6879149303
147 -11004.121423259
148 -10958.9708994592
149 -10952.2206726337
150 -10964.5811873175
151 -10938.9884399162
152 -10891.8262591155
153 -10878.3705089534
154 -10894.9555033392
155 -10877.6776048753
156 -10831.8788804864
157 -10811.8740691989
158 -10824.8380809829
159 -10818.1772611353
160 -10772.5797024464
161 -10743.29891721
162 -10754.6312516488
163 -10756.7099638832
164 -10713.9957802291
165 -10677.2048088556
166 -10680.6022740128
167 -10686.1678583822
168 -10648.7957416529
169 -10610.3954446787
170 -10612.6082673798
171 -10625.0581890414
172 -10594.5927613488
173 -10550.3363073273
174 -10540.1215601112
175 -10553.3537928288
176 -10531.5608419849
177 -10487.4608501745
178 -10474.7874110684
179 -10491.3947571987
180 -10477.7378413365
181 -10433.3472768482
182 -10411.3084568153
183 -10423.9148406881
184 -10416.3375993177
185 -10372.6846423965
186 -10345.214348461
187 -10355.0044125324
188 -10356.3678689442
189 -10315.7100457799
190 -10279.7684406958
191 -10284.9763971539
192 -10294.2970745918
193 -10260.1659608085
194 -10220.6033731226
195 -10219.9775242779
196 -10233.6567918845
197 -10204.9348002594
198 -10159.1807793594
199 -10148.4966455098
200 -10164.4334393064
201 -10145.8367879196
202 -10102.0273687872
203 -10086.2693889462
204 -10103.2343629878
205 -10094.2489617168
206 -10048.1373129055
207 -10025.5173475167
208 -10040.113036646
209 -10039.2636703567
210 -9997.75648090321
211 -9967.96160554428
212 -9977.72931787125
213 -9981.64087315093
214 -9940.35720114198
215 -9903.7897472131
216 -9907.88011644842
217 -9920.01711368765
218 -9889.99872088417
219 -9851.12903727639
220 -9847.75392386364
221 -9861.81317112603
222 -9836.13101674688
223 -9790.46640282469
224 -9778.15059162982
225 -9796.74724301663
226 -9781.99509167613
227 -9734.00589633058
228 -9715.90098332178
229 -9732.82125387445
230 -9723.65703864778
231 -9677.90301774776
232 -9651.95264243515
233 -9666.25775888655
234 -9670.54929382197
235 -9627.58924097887
236 -9593.30166498442
237 -9603.18113603367
238 -9609.86430762581
239 -9569.36294667279
240 -9527.65459151919
241 -9532.01318168797
242 -9550.4533708636
243 -9521.30669609388
244 -9479.73245140701
245 -9476.24557927198
246 -9492.74116668
247 -9470.67999490261
248 -9426.22237518101
249 -9413.61599130821
250 -9433.3749334067
251 -9421.23793616747
252 -9375.59567398973
253 -9355.79202840233
254 -9371.39354603214
255 -9367.75021168592
0 -9323.13612975313
1 -9294.95057999499
2 -9310.19446971351
3 -9315.89416454961
4 -9275.16928615204
5 -9240.41232352404
6 -9247.40841953855
7 -9258.67369874402
8 -9222.35211400415
9 -9181.47077339539
10 -9186.38815717556
11 -9203.33077947268
12 -9175.27934018127
13 -9132.49810129382
14 -9125.12202562356
15 -9142.86931072108
16 -9122.41746454447
17 -9077.53516167822
18 -9066.51575166175
19 -9087.72755714984
20 -9078.20571401187
21 -9032.98813497879
22 -9010.65874226794
23 -9029.14363493248
24 -9028.36132387654
25 -8984.79777393315
26 -8958.24390152024
27 -8972.63842494946
28 -8979.09807909704
29 -8939.93782281134
30 -8903.68329330484
31 -8911.99814224221
32 -8928.31491569459
33 -8897.11188043498
34 -8858.59982473848
35 -8860.18679859481
36 -8877.97878718123
37 -8851.2908043016
38 -8805.15680374584
39 -8797.46780365322
40 -8815.39390270637
41 -8798.58539087598
42 -8754.75361999913
43 -8742.8624919489
44 -8775.2725214091
45 -8770.80217251804
46 -8686.4019854548
47 -8663.37968866583
48 -8731.79837844353
49 -8736.9616314127
50 -8645.52064484604
51 -8613.35648457485
52 -8679.8976278183
53 -8703.00933158509
54 -8610.11548162883
55 -8555.66663213571
56 -8612.86474619684
57 -8656.9423862627
58 -8578.95714985814
59 -8507.61038155679
60 -8548.22350123209
61 -8606.58390600489
62 -8540.48979765055
63 -8454.30147103089
64 -8476.31793931937
65 -8544.87073956379
66 -8503.34119836583
67 -8409.39681642018
68 -8412.57076413283
69 -8488.47728830305
70 -8468.20425608209
71 -8370.37067060121
72 -8355.46205704952
73 -8430.5415666749
74 -8436.12950278872
75 -8339.14528359715
76 -8302.66723664608
77 -8370.90711246814
78 -8396.29869416937
79 -8305.0588733028
80 -8249.62654705364
81 -8308.47869020447
82 -8357.54076928386
83 -8277.78974506733
84 -8204.52072674283
85 -8245.31266037377
86 -8306.35527448121
87 -8245.15619816258
88 -8157.6267668756
89 -8180.33613924219
90 -8257.40495412409
91 -8222.06684614025
92 -8127.45191186093
93 -8129.17299618399
94 -8205.97359013243
95 -8191.95904635895
96 -8091.82323119917
97 -8071.95253037841
98 -8148.97664177139
99 -8160.01840353232
100 -8061.87189362906
101 -8020.16353847546
102 -8085.87766717406
103 -8118.0641791897
104 -8027.4949106568
105 -7966.40759306045
106 -8021.97402977634
107 -8074.2547600573
108 -7999.93520974341
109 -7922.39700822795
110 -7957.42219178941
111 -8022.2422507098
112 -7968.08397389459
113 -7878.58758909554
114 -7896.33487419306
115 -7971.92847394091
116 -7940.81484565912
117 -7843.6518125119
118 -7837.37097231996
119 -7915.19974651334
120 -7909.88003133297
121 -7812.60523946348
122 -7790.07468105253
123 -7864.81891451107
124 -7881.24744668573
125 -7783.92795132732
126 -7736.09521819296
127 -7798.72480615673
128 -7839.78496072113
129 -7757.26232019214
130 -7693.80571768352
131 -7745.81822703102
132 -7803.19515504779
133 -7731.96014546873
134 -7649.07987702845
135 -7680.2605605436
136 -7751.38381140039
137 -7703.99811315514
138 -7614.88170801183
139 -7627.77866456254
140 -7705.49568003365
141 -7680.50642973261
142 -7581.19762911768
143 -7570.87112317933
144 -7649.21398749518
145 -7651.82914159645
146 -7556.61071021685
147 -7526.12293077981
148 -7599.83898399341
149 -7625.34232441692
150 -7531.66616340472
151 -7480.21244766861
152 -7541.21035828714
153 -7586.69615825369
154 -7507.30276194844
155 -7438.36998204827
156 -7484.28046515947
157 -7546.10539032285
158 -7480.43596511316
159 -7396.43810945012
160 -7424.62365920826
161 -7499.1220234778
162 -7459.47002881408
163 -7365.81621954634
164 -7371.65002484918
165 -7451.02106940998
166 -7431.77621743396
167 -7332.40036158566
168 -7316.68708523358
169 -7394.2476384935
170 -7403.90359209819
171 -7306.74055895097
172 -7270.6648434001
173 -7341.22930064551
174 -7368.90076028118
175 -7277.6162359257
176 -7221.08867419823
177 -7278.62206442619
178 -7331.43923657408
179 -7256.62794788217
180 -7184.92355166954
181 -7226.63190682315
182 -7292.07781458829
183 -7235.46084588299
184 -7148.7360773964
185 -7170.01493811786
186 -7247.19551172203
187 -7212.08092118274
188 -7115.92371653601
189 -7116.95189678096
190 -7193.73013898494
191 -7183.51539176886
192 -7085.74886152135
193 -7064.67116649999
194 -7143.2375482604
195 -7161.18599905801
196 -7067.19691362344
197 -7025.13093055855
198 -7091.29209414626
199 -7128.39598994207
200 -7043.57111973418
201 -6983.55668587168
202 -7040.10659934361
203 -7097.26000991583
204 -7025.93559335895
205 -6948.2409296323
206 -6984.16018297198
207 -7052.37770704957
208 -7000.32049421316
209 -6909.97474312481
210 -6926.09035087709
211 -7004.0532355372
212 -6975.13007821203
213 -6877.2741409867
214 -6870.07687927209
215 -6946.83276973161
216 -6942.80945572966
217 -6845.64642258244
218 -6820.23248913675
219 -6893.97089409481
220 -6914.42274027142
221 -6820.38895134794
222 -6771.72920366874
223 -6836.48220735576
224 -6879.95635032133
225 -6800.22767784926
226 -6736.50285440717
227 -6785.14025034192
228 -6845.75818130472
229 -6779.19468631681
230 -6696.94026672128
231 -6728.14330198089
232 -6802.1052243835
233 -6760.44157271881
234 -6671.1240018754
235 -6678.96946417921
236 -6756.3959069724
237 -6745.22003474474
238 -6652.41559176631
239 -6628.76744613259
240 -6685.8761532159
241 -6704.31634239153
242 -6660.12694360339
243 -6627.9627833322
244 -6640.79268464955
245 -6655.34367028995
246 -6622.73247512966
247 -6587.5061258681
248 -6594.03283524905
249 -6612.92005931378
250 -6591.39532940332
251 -6554.33613709642
252 -6552.12331439535
253 -6574.050375706
254 -6549.48580854962
255 -6475.61329312483
0 -6489.49372643158
1 -6563.79092500102
2 -6539.06989563345
3 -6449.61821432331
4 -6446.17604567719
5 -6523.89306114829
6 -6513.43244474321
7 -6417.78933021895
8 -6396.84574566433
9 -6471.63468261179
10 -6487.45971768614
11 -6395.0576061079
12 -6353.41630618767
13 -6419.28689709746
14 -6453.79799053645
15 -6369.80013487341
16 -6311.50678533397
17 -6365.97798657155
18 -6422.25967911001
19 -6352.56693989836
20 -6276.4816017725
21 -6307.99756145448
22 -6375.6562919207
23 -6332.18214895512
24 -6247.51374095842
25 -6258.64490969716
26 -6335.0431722454
27 -6316.22300341404
28 -6225.27375522539
29 -6213.04735100834
30 -6287.03162515541
31 -6289.08798564529
32 -6195.70239731102
33 -6166.48866730793
34 -6239.31065074332
35 -6261.41652600962
36 -6170.69079526553
37 -6121.51695746386
38 -6182.11253668219
39 -6225.65373488113
40 -6146.48385602043
41 -6082.96019827845
42 -6134.63743145912
43 -6196.0600252223
44 -6132.78223666933
45 -6052.38301186359
46 -6079.09334648768
47 -6150.06013513328
48 -6108.86587010215
49 -6020.55412775923
50 -6031.59588952016
51 -6109.20114626898
52 -6087.63171286961
53 -5992.74855765683
54 -5981.81855461819
55 -6060.40728812305
56 -6063.33536664669
57 -5969.48039167886
58 -5942.12185646556
59 -6014.76502594531
60 -6040.04484892426
61 -5949.09560073562
62 -5896.45724254337
63 -5957.43280141745
64 -6004.2150025624
65 -5927.66027780298
66 -5863.48841947179
67 -5911.67878051743
68 -5975.13538302605
69 -5913.17634739594
70 -5830.34078244457
71 -5857.74402114678
72 -5931.57183308266
73 -5892.76920470824
74 -5804.25629666523
75 -5813.08523572507
76 -5893.2385913418
77 -5879.49226850179
78 -5782.26218012121
79 -5765.00663340171
80 -5842.99186980627
81 -5856.67113741292
82 -5765.78894445764
83 -5729.10973180648
84 -5798.31073264012
85 -5831.3242592006
86 -5743.97364186926
87 -5688.00487375318
88 -5745.09122909203
89 -5796.79081401715
90 -5724.43821721533
91 -5653.35966984745
92 -5695.85033605699
93 -5763.77728745667
94 -5710.06604553056
95 -5624.50356775565
96 -5644.24015810968
97 -5720.37019972446
98 -5691.44704239929
99 -5600.60955293293
100 -5601.03423607758
101 -5680.11470796045
102 -5671.66574855635
103 -5576.29085496555
104 -5554.78847679955
105 -5631.38790504788
106 -5651.57153029102
107 -5559.14706696833
108 -5517.99750542611
109 -5585.5668289145
110 -5622.67072471031
111 -5539.0081452141
112 -5479.73131891862
113 -5535.0071829566
114 -5593.1217185404
115 -5523.94306945122
116 -5449.57881564842
117 -5485.96745562166
118 -5552.061563976
119 -5502.23952558512
120 -5414.9783152316
121 -5432.30091718446
122 -5512.76719722357
123 -5487.28620854452
124 -5393.56534404342
125 -5390.43609981967
126 -5468.60015017988
127 -5466.9908245791
128 -5371.92885541068
129 -5347.47604697657
130 -5425.5283386145
131 -5449.62351913733
132 -5358.3166430374
133 -5310.86388955878
134 -5373.85110543384
135 -5417.41465537723
136 -5338.35653523881
137 -5275.10109843029
138 -5325.77250311047
139 -5387.30685559593
140 -5323.93966006513
141 -5244.30039457088
142 -5274.63171179673
143 -5348.79479989944
144 -5309.00869476899
145 -5220.22756579251
146 -5230.4870164975
147 -5309.12045349126
148 -5292.55781084988
149 -5196.91469632562
150 -5180.28499845088
151 -5255.83389470981
152 -5264.75224074748
153 -5171.05372799083
154 -5136.3638205962
155 -5203.35199872875
156 -5238.7348102015
157 -5159.94491099655
158 -5102.43387251304
159 -5145.48333233396
160 -5197.04880679236
161 -5161.84480927525
162 -5112.62626798466
163 -5111.17340459507
164 -5136.49793106293
165 -5123.48921578994
166 -5083.61370368167
167 -5076.81877336726
168 -5101.80802366829
169 -5098.54466897782
170 -5061.75369760438
171 -5045.43692415201
172 -5069.82267735275
173 -5073.66717739906
174 -5031.86941526764
175 -5007.50601381135
176 -5027.35436288766
177 -5039.91604327155
178 -5007.39425508908
179 -4977.71113845243
180 -4989.35639731364
181 -5005.53906029928
182 -4975.922998896
183 -4942.0154025573
184 -4948.27389100479
185 -4970.89385639356
186 -4952.67718466248
187 -4915.37212316658
188 -4912.3099341762
189 -4935.68985887645
190 -4921.83177731416
191 -4883.09620417311
192 -4872.9485121904
193 -4894.47324210086
194 -4893.33330313364
195 -4856.43057303793
196 -4839.13032282952
197 -4857.01171839377
198 -4861.41501205147
199 -4827.6415261795
200 -4804.0827875236
201 -4819.32667724212
202 -4833.58709020461
203 -4801.06530202214
204 -4768.45410686184
205 -4782.87098203552
206 -4818.54436618619
207 -4766.33069113859
208 -4702.18118455186
209 -4744.73890599476
210 -4806.94381081388
211 -4749.14219965246
212 -4672.18514349283
213 -4702.1588328074
214 -4771.69510980786
215 -4729.87499593198
216 -4642.70319255629
217 -4653.87906478394
218 -4734.3676965675
219 -4715.56987948059
220 -4619.56913704504
221 -4608.79559621758
222 -4684.97034132127
223 -4688.52426868966
224 -4595.13868035539
225 -4565.52261895211
226 -4639.57394833254
227 -4668.36299519098
228 -4582.42053776032
229 -4532.44203715826
230 -4591.07066286453
231 -4638.16578843186
232 -4565.23204627419
233 -4499.87554548687
234 -4544.33316520848
235 -4610.58373577401
236 -4555.71020313623
237 -4473.56754226298
238 -4493.34883610592
239 -4567.02018583062
240 -4537.98526978317
241 -4450.25467279609
242 -4454.9038356428
243 -4530.76565632411
244 -4527.83757780046
245 -4440.01757383556
246 -4415.07302702344
247 -4485.70453950221
248 -4503.18360366626
249 -4416.12355901284
250 -4378.70673879465
251 -4447.08072508344
252 -4481.30124584451
253 -4396.07404423643
254 -4340.01586914252
255 -4398.8903640378
0 -4451.37226001886
1 -4379.22082891713
2 -4313.28318277397
3 -4357.11495365083
4 -4424.43840795021
5 -4370.12366892382
6 -4285.63407488276
7 -4308.43285422717
8 -4384.27232316402
9 -4353.76219198253
10 -4263.3046821719
11 -4264.89165602823
12 -4345.71556397862
13 -4339.61353774232
14 -4244.5515685739
15 -4222.66921075215
16 -4297.56990642189
17 -4321.12864507778
18 -4238.20367314859
19 -4196.36120752826
20 -4261.78476354894
21 -4303.73898789155
22 -4222.40098981869
23 -4163.52649492341
24 -4218.13180662773
25 -4278.0121300235
26 -4215.82957694883
27 -4141.71119233503
28 -4175.55173344037
29 -4244.97625171855
30 -4197.34468428429
31 -4110.70932277552
32 -4128.14368345066
33 -4207.02298963344
34 -4185.87823937872
35 -4094.01256966741
36 -4089.49751728744
37 -4168.13095428121
38 -4165.69461413558
39 -4072.39843277913
40 -4048.39265923413
41 -4125.99791598295
42 -4151.70242210655
43 -4063.05540359681
44 -4018.46367340847
45 -4085.20598235202
46 -4128.90364276214
47 -4049.73376390144
48 -3988.42292886054
49 -4040.10016204121
50 -4102.23801162696
51 -4038.20026376251
52 -3959.90210293556
53 -3992.28978065131
54 -4063.94947337502
55 -4020.78825483182
56 -3933.97407936741
57 -3949.5308935083
58 -4030.71242936998
59 -4011.04289424931
60 -3917.23262277038
61 -3908.58249766618
62 -3986.81360325975
63 -3991.37335912864
64 -3897.27251497179
65 -3869.10931695811
66 -3945.79815218427
67 -3976.0400624323
68 -3888.10829974512
69 -3836.76634273128
70 -3896.26668647131
71 -3945.01584112833
72 -3870.83040128117
73 -3804.15514757099
74 -3850.84794173812
75 -3917.05380881474
76 -3861.68853779895
77 -3781.95986532687
78 -3806.25621154978
79 -3881.31336943071
80 -3846.60111029161
81 -3757.06002200365
82 -3764.10082150708
83 -3844.25417712381
84 -3836.49812179781
85 -3745.07948697561
86 -3720.38080935249
87 -3790.83350787562
88 -3811.10654009659
89 -3726.90751873344
90 -3687.14376534745
91 -3747.04644048768
92 -3790.49823170879
93 -3722.39246635347
94 -3660.41107897891
95 -3691.74822470525
96 -3746.9346817654
97 -3711.03778017018
98 -3646.82121835008
99 -3658.84645686703
100 -3718.19033839587
101 -3693.89399217296
102 -3615.14879645691
103 -3616.10992146849
104 -3685.98147463578
105 -3675.18558206386
106 -3594.2499153912
107 -3581.42001407385
108 -3649.99516606273
109 -3661.97570109078
110 -3579.58717102852
111 -3545.07607758952
112 -3609.27028766516
113 -3642.39557294793
114 -3571.78641221361
115 -3520.86913834442
116 -3567.02549064463
117 -3612.91362201138
118 -3553.77090618264
119 -3489.42023389581
120 -3523.95367907926
121 -3583.23050537473
122 -3545.23253980071
123 -3477.68556805677
124 -3479.04902446854
125 -3524.19954826826
126 -3513.6271731409
127 -3458.82069573649
128 -3444.15795137381
129 -3492.325960675
130 -3500.08201600099
131 -3434.88197742486
132 -3405.84706137741
133 -3454.57386428998
134 -3471.82941100948
135 -3424.44371276423
136 -3388.05507279099
137 -3411.97143935817
138 -3442.14629437283
139 -3399.72268339666
140 -3350.99588048409
141 -3368.78786907051
142 -3403.63423867634
143 -3377.25918021908
144 -3329.18057789571
145 -3337.31661287744
146 -3381.43895643222
147 -3361.1435724668
148 -3298.75985369204
149 -3298.64809496976
150 -3359.71306082166
151 -3342.32340363543
152 -3259.30902472842
153 -3256.85033283834
154 -3333.85209248687
155 -3328.97941219561
156 -3239.55008262993
157 -3223.05449522191
158 -3297.26228681353
159 -3310.76274046454
160 -3222.00396323251
161 -3187.09053839332
162 -3256.51505667151
163 -3293.21662106712
164 -3213.3091346394
165 -3158.70382293508
166 -3213.39854161722
167 -3267.08743179887
168 -3199.33929435483
169 -3131.56880516634
170 -3176.54051501042
171 -3243.2157687206
172 -3188.0516634049
173 -3105.41726415363
174 -3129.66890688764
175 -3207.69884678112
176 -3174.93118940964
177 -3087.3794063782
178 -3095.51544135993
179 -3175.95936965458
180 -3163.46474450406
181 -3067.50870555743
182 -3050.61078674922
183 -3130.45121794358
184 -3144.17518903913
185 -3052.66714723911
186 -3020.57004220129
187 -3091.67094131362
188 -3126.45025568608
189 -3041.17835058908
190 -2983.68966385003
191 -3040.88777791116
192 -3096.40951113814
193 -3027.58848996025
194 -2957.82869551524
195 -2989.23289647495
196 -3049.56025475982
197 -3033.9140336411
198 -2987.06477726278
199 -2973.60902710069
200 -2993.09974826571
201 -2991.13279475365
202 -2957.47106760395
203 -2940.14846565109
204 -2957.11343969267
205 -2961.87436126165
206 -2927.45267480048
207 -2901.52465123232
208 -2910.53240424781
209 -2922.42353229803
210 -2901.21172680995
211 -2874.97077881942
212 -2876.35658697564
213 -2890.2817237713
214 -2876.55775267574
215 -2847.54518837275
216 -2838.15745570153
217 -2850.31680468521
218 -2850.22739770739
219 -2827.65213580753
220 -2809.50251930982
221 -2813.57053680069
222 -2817.23622289136
223 -2802.6628855065
224 -2779.3053125507
225 -2773.71737643687
226 -2788.84950743312
227 -2789.02832138876
228 -2763.72614666535
229 -2741.37440221005
230 -2752.37146048206
231 -2769.98463511284
232 -2747.52113193525
233 -2706.72919830432
234 -2711.24425068429
235 -2746.89528309051
236 -2740.12270452055
237 -2683.70690151535
238 -2664.81967745062
239 -2718.4415123989
240 -2733.46188467287
241 -2665.51258152873
242 -2622.28430775217
243 -2686.12088991653
244 -2732.83603582812
245 -2655.92368315741
246 -2569.40008037091
247 -2632.34259275706
248 -2724.83411131312
249 -2660.77401170421
250 -2532.40794329738
251 -2574.42922287336
252 -2713.07709372963
253 -2674.07329965512
254 -2493.69472190079
255 -2496.95807659126
0 -2685.56209630514
1 -2694.65925629845
2 -2475.4333466808
3 -2416.84942446344
4 -2647.54177898667
5 -2725.28114620222
6 -2477.06502402604
7 -2337.38897292483
8 -2590.32131318108
9 -2756.32771925065
10 -2514.88417564442
11 -2282.87306819833
12 -2517.3428675345
13 -2772.19745781391
14 -2564.59445531302
15 -2245.32213751342
16 -2421.63269777688
17 -2758.74170765182
18 -2626.57584268759
19 -2244.53982645748
20 -2331.3987054108
21 -2723.20243396788
22 -2679.34831134657
23 -2265.66222496775
24 -2244.49512296857
25 -2659.49996227026
26 -2722.26366070076
27 -2317.33945814841
28 -2184.05600596142
29 -2576.32912115206
30 -2734.55712015118
31 -2371.16245879679
32 -2138.95018565061
33 -2484.4858031852
34 -2739.11687602006
35 -2438.95529972974
36 -2117.55956620688
37 -2393.55890674101
38 -2732.36664919456
39 -2504.4906144727
40 -2095.0960630293
41 -2284.8400217104
42 -2723.4930066458
43 -2586.18624045685
44 -2083.89783905719
45 -2159.5584940384
46 -2710.95367800637
47 -2719.46969264384
48 -2129.96478437958
49 -2047.95623397305
50 -2700.38130287901
51 -2874.63550265259
52 -2230.10059953935
53 -1945.87581704567
54 -2629.34745900005
55 -2995.08905352224
56 -2364.61339767139
57 -1863.0402520943
58 -2515.62178321144
59 -3103.89734553067
60 -2539.6499085009
61 -1788.29601863575
62 -2348.43073468575
63 -3214.09144569533
64 -2763.90496062099
65 -1701.79476759371
66 -2107.30011550189
67 -3354.37099389684
68 -3100.27636292891
69 -1607.09042633658
70 -1705.46045368438
71 -3494.82935605399
72 -3629.94565128632
73 -1499.89145992893
74 -4028.9019380691
75 -93024.8088270198
76 -187500.022351744
77 -140744.665651878
78 99878.1442496949
79 21273.8539306943
80 -185563.869543537
81 -163906.303215778
82 77105.6058532722
83 62502.3618343308
84 -172458.617086246
85 -167021.488192259
86 78634.5992844819
87 121453.098529947
88 -134755.918056478
89 -184276.565525122
90 36582.1837284784
91 147252.957195396
92 -96465.1446300917
93 -187500.022351744
94 -8668.40883116827
95 162311.729766337
96 -42827.1940740578
97 -187500.022351744
98 -62426.3659031827
99 158925.619295313
100 10118.2323835173
101 -187500.022351744
102 -151955.406600881
103 97755.4437822633
104 187500
105 187500
106 187500
107 187500
108 187500
109 187500
110 187500
111 187500
112 187500
113 187500
114 187500
115 187500
116 187500
117 187500
118 187500
119 187500
120 187500
121 187500
122 187500
123 187500
124 187500
125 187500
126 187500
127 187500
128 187500
129 187500
130 187500
131 187500
132 187500
133 187500
134 187500
135 187500
136 187500
137 187500
138 187500
139 187500
140 187500
141 187500
142 187500
143 187500
144 187500
145 187500
146 187500
147 187500
148 187500
149 187500
150 67399.897265422
151 -168147.747891873
152 -100075.197228813
153 146469.752069682
154 113003.490925251
155 -139416.972031232
156 -119796.208416964
157 135084.108720316
158 156130.332485477
159 -80829.6747004598
160 -132932.730964748
161 121127.143040555
162 177715.725030389
163 -11607.3950061077
164 -152431.364647313
165 85189.6506774009
166 186179.168364903
167 67344.3308287061
168 -138047.547703689
169 59538.4758160682
170 186314.105846179
171 102043.245976358
172 -136248.120516315
173 -26524.9716073241
174 172510.629595593
175 172870.202108646
176 37735.42198365
177 51244.4587045263
178 184920.161654968
179 168869.575127313
180 -57062.1483996091
181 -60082.6066830881
182 169023.757460565
183 183504.960954781
184 -10886.7300613797
185 -100822.505452932
186 144545.579796503
187 187500
188 36307.7937135451
189 -127043.515687408
190 108241.608231259
191 187500
192 94297.1818801381
193 -122532.508973182
194 70753.5306517518
195 187500
196 133817.502417267
197 -104209.532345478
198 22090.5196178579
199 187500
200 187500
201 187500
202 187500
203 187500
204 187500
205 187500
206 187500
207 187500
208 187500
209 187500
210 187500
211 187500
212 187500
213 187500
214 187500
215 187500
216 187500
217 187500
218 187500
219 187500
220 187500
221 187500
222 187500
223 187500
224 187500
225 187500
226 187500
227 187500
228 187500
229 187500
230 187500
231 187500
232 187500
233 187500
234 187500
235 187500
236 187500
237 187500
238 187500
239 187500
240 187500
241 187500
242 187500
243 185371.130451099
244 187500
245 187500
246 187500
247 149591.843735199
248 161540.840451818
249 187500
250 186367.124184027
251 79988.153873462
252 67303.382432864
253 183915.361334725
254 187500
255 84756.6079803238
0 24619.4406890202
1 173656.46942335
2 187500
3 123342.916171898
4 13281.2947966212
5 155719.350960177
6 187500
7 187500
8 187500
9 187500
10 187500
11 162643.630819754
12 -43016.1333699385
13 85348.0351386112
14 187500
15 178764.737101166
16 -24424.779346559
17 34293.8344828885
18 187500
19 187500
20 15987.7334222476
21 -5879.11228884605
22 185274.079176674
23 187500
24 59028.4984145759
25 -39053.1690780126
26 168957.775110933
27 187500
28 101034.154121179
29 -79097.2133394734
30 45427.1042856102
31 82426.0362894578
32 81417.2573587009
33 82599.5528816644
34 85865.4109675182
35 87688.0839691262
36 87292.9721823898
37 87809.6551072186
38 90100.9324313322
39 91815.7359141989
40 91619.3311356701
41 91716.4494653284
42 93349.1773425552
43 94927.0316871442
44 94943.6390332745
45 94823.7889795052
46 95965.9631211714
47 97408.991743206
48 97589.9738180606
49 97305.8384425448
50 98060.2992248892
51 99371.4078511486
52 99692.6694742047
53 99298.3847020131
54 99734.4225328472
55 100931.626669362
56 101389.792727207
57 100913.588811587
58 101057.48934239
59 102136.229233292
60 102736.731199829
61 102227.692571603
62 102101.204049731
63 103039.038543587
64 103784.692738616
65 103312.981523631
66 102929.023257378
67 103684.7804409
68 104560.544140404
69 104189.32636849
70 103579.302558816
71 104125.802710748
72 105120.61180122
73 104904.291618382
74 104069.029279832
75 104371.33662359
76 105513.242544322
77 105514.270724567
78 104378.980920193
79 105684.278092894
80 147080.804059601
81 187500
82 82938.9641212182
83 -149234.238175659
84 -33733.7444703274
85 178298.613822295
86 104079.020509603
87 -146199.094796073
88 -123090.006183387
89 131800.101017964
90 120525.367024585
91 -135137.127058164
92 -143737.161903043
93 110002.232790259
94 164125.998512029
95 -67414.4035475735
96 -150042.968993541
97 91356.2734551756
98 187500
99 61649.307507194
100 -93534.9426907233
101 34951.2886942969
102 177625.245168834
103 48753.490895449
104 -139908.218670871
105 54019.6736478417
106 187500
107 133219.727363554
108 -112176.431676916
109 -8307.85284135972
110 185208.409751464
111 158267.986269949
112 -81363.5237650304
113 -60169.2420445969
114 169012.447477871
115 187500
116 187500
117 187500
118 187500
119 187500
120 187500
121 187500
122 187500
123 187500
124 187500
125 187500
126 187500
127 187500
128 187500
129 187500
130 187500
131 187500
132 187500
133 187500
134 187500
135 187500
136 187500
137 187500
138 187500
139 187500
140 187500
141 187500
142 187500
143 187500
144 187500
145 187500
146 187500
147 187500
148 187500
149 187500
150 187500
151 187500
152 187500
153 187500
154 187500
155 187500
156 187500
157 187500
158 187500
159 187500
160 187500
161 187500
162 187500
163 187500
164 187500
165 187500
166 187500
167 187500
168 187500
169 172074.480006037
170 38713.4002105475
171 -114748.066931733
172 65813.9962928291
173 166440.879278288
174 24294.3122141733
175 -164628.912762274
176 -13451.1457027371
177 160974.916633954
178 45239.5284461413
179 -170899.851131421
180 -38345.8481247244
181 159374.844655376
182 70977.8304073608
183 -166152.608830048
184 -112291.38669865
185 129859.29904691
186 104243.350534839
187 -140025.40886705
188 -156738.299934661
189 82959.6394848394
190 171035.459165032
191 98791.1342133444
192 48209.4717871513
193 157785.903845537
194 187500
195 99484.239457159
196 -44183.6767415615
197 132756.912142862
198 187500
199 103239.444284373
200 -111725.351122064
201 75166.3685043297
202 187500
203 136560.575552055
204 -94412.5168815275
205 30000.8243323355
206 184111.967278953
207 157932.397178697
208 -69653.1095687282
209 -22456.7082472692
210 175413.227130559
211 187500
212 187500
213 187500
214 187500
215 187500
216 187500
217 187500
218 187500
219 187500
220 187500
221 187500
222 187500
223 187500
224 187500
225 187500
226 187500
227 187500
228 187500
229 187479.458746846
230 187396.310257472
231 187316.693343722
232 187282.070491561
233 187242.686717831
234 187168.590684961
235 187090.560745068
236 187055.222637084
237 187026.388886737
238 186957.746679514
239 186874.508783163
240 186834.81208501
241 186813.846148711
242 186757.184476517
243 186676.047644144
244 186630.338326733
245 186617.441370182
246 186571.553238815
247 186488.941191309
248 186434.067658671
249 186427.205673123
250 186395.376789019
251 186312.138892667
252 186249.062269814
253 186247.564702936
254 186231.516150417
255 186148.434716277
0 186068.415471127
1 186188.533745829
2 186504.140377538
3 186469.897505033
4 185836.449067169
5 184438.638024168
6 181780.657980521
7 173621.935978167
8 180341.719727721
9 172600.01422167
10 69007.0994504809
11 -109404.547143525
12 75473.3697144234
13 158424.470832881
14 -38138.9827297905
15 -187500.022351744
16 -32539.7813367583
17 150559.003717781
18 -19916.7454143459
19 -187500.022351744
20 -89881.7512252034
21 140842.543940847
22 53695.148670095
23 -174698.284232412
24 -144530.559424229
25 99375.8782000397
26 78572.4390831517
27 -160319.54113478
28 -187500.022351744
29 -43383.1266621502
30 72662.9954770798
31 -118431.030920867
32 -187500.022351744
33 -31069.4835864882
34 118779.092285525
35 -59324.1449384862
36 -165577.006706835
37 13422.6472285565
38 176474.085625897
39 79489.0170680305
40 -46280.0021505358
41 63277.185055874
42 187500
43 171850.806099273
44 123421.504905403
45 165309.43397396
46 187500
47 187500
48 187500
49 187500
50 187500
51 187500
52 187500
53 187500
54 187500
55 187500
56 187500
57 187500
58 187500
59 187500
60 187500
61 187500
62 187500
63 187500
64 187500
65 187500
66 187500
67 187500
68 187500
69 187500
70 187500
71 187500
72 187500
73 187500
74 187500
75 187500
76 187500
77 187500
78 187500
79 187500
80 184075.355121536
81 -13833.2487742005
82 -130862.959428186
83 103421.767463895
84 187500
85 139934.861950262
86 -33021.4614297702
87 127586.506615461
88 187500
89 187500
90 187500
91 187500
92 187500
93 187500
94 187500
95 187500
96 187500
97 187500
98 187500
99 187500
100 187500
101 187500
102 187500
103 187500
104 187500
105 187500
106 187500
107 187500
108 187500
109 187500
110 187500
111 187500
112 187500
113 187500
114 187500
115 187500
116 187500
117 187500
118 187500
119 187500
120 187500
121 187500
122 187500
123 187500
124 187500
125 187500
126 187500
127 187500
128 187500
129 187500
130 187500
131 187500
132 187500
133 187500
134 187500
135 187500
136 187500
137 187500
138 187500
139 187500
140 187500
141 187500
142 187500
143 187500
144 187500
145 187500
146 187500
147 187500
148 187500
149 187500
150 187500
151 187500
152 187500
153 187500
154 187500
155 187500
156 187500
157 187500
158 187500
159 187500
160 187500
161 187500
162 187500
163 187500
164 187500
165 187500
166 187500
167 187500
168 187500
169 187500
170 187500
171 187500
172 187500
173 187500
174 187500
175 187500
176 187500
177 187500
178 187500
179 187500
180 187500
181 187500
182 187500
183 187500
184 187500
185 187500
186 187500
187 187500
188 187500
189 187500
190 187500
191 187500
192 187500
193 187500
194 187500
195 187500
196 187500
197 187500
198 187500
199 187500
200 187500
201 187500
202 187500
203 187500
204 187500
205 187500
206 187500
207 187500
208 187500
209 187500
210 187500
211 187500
212 187500
213 187500
214 187500
215 187500
216 187500
217 187500
218 187500
219 187500
220 187500
221 187500
222 187500
223 187500
224 187500
225 187500
226 187500
227 187500
228 187500
229 187500
230 187500
231 187500
232 187500
233 187500
234 187500
235 187500
236 187500
237 187500
238 187500
239 187500
240 187500
241 187500
242 187500
243 187500
244 187500
245 187500
246 187500
247 187500
248 187500
249 187500
250 187500
251 187500
252 187500
253 187500
254 187500
255 187500
0 187500
1 187500
2 187500
3 187500
4 187500
5 187500
6 187500
7 187500
8 187500
9 187500
10 187500
11 187500
12 187500
13 187500
14 187500
15 187500
16 187500
17 187500
18 187500
19 187500
20 187500
21 187500
22 187500
23 187500
24 187500
25 187500
26 187500
27 187500
28 187500
29 187500
30 187500
31 187500
32 187500
33 187500
34 187500
35 187500
36 187500
37 187500
38 187500
39 187500
40 187500
