128 41994.6810000755
129 42015.0434392742
130 42103.0646089392
131 42104.428065351
132 42014.439942174
133 41985.2485639153
134 42053.3543292706
135 42071.2357248349
136 41995.8209390427
137 41969.7811567523
138 42054.1142885821
139 42095.8002919913
140 42024.0958957787
141 41955.2078193674
142 42003.4205321575
143 42054.1366403266
144 42001.3865234121
145 41937.8181621812
146 41992.0881977186
147 42064.0831666092
148 42027.4486574469
149 41938.4216592815
150 41948.2787785862
151 42015.3116602077
152 41999.5089768778
153 41918.7074206719
154 41931.4479150114
155 42020.8995963215
156 42026.7557533688
157 41938.9357494039
158 41904.4023042205
159 41968.7529765073
160 41988.7801395393
161 41912.1136560576
162 41876.1944027179
163 41959.5440577917
164 42009.6566688605
165 41944.2554645843
166 41875.5238503842
167 41917.1875020489
168 41967.0989474176
169 41916.8522258821
170 41845.5948645586
171 41894.7910541047
172 41972.1951451534
173 41942.7578977058
174 41855.3178733966
175 41858.9612077428
176 41924.5635777192
177 41911.1748827904
178 41827.5123032942
179 41835.2013033869
180 41928.4974847433
181 41943.8084296952
182 41860.7269955548
183 41820.1809311129
184 41881.4247109204
185 41905.7881123767
186 41830.1274573955
187 41789.7602069092
188 41869.5782863591
189 41922.7754381627
190 41863.6103705895
191 41789.9166691204
192 41829.5910155286
193 41884.4421964219
194 41837.0788499211
195 41764.0333490412
196 41809.7650181967
197 41891.6618098809
198 41870.7405770708
199 41780.1042533045
200 41775.0304073132
201 41843.4043936019
202 41835.5589312981
203 41751.8963518019
204 41751.4046134239
205 41843.9408354689
206 41865.8231932906
207 41783.2558492727
208 41735.9148545164
209 41797.113930835
210 41826.9535096828
211 41756.8137355821
212 41712.4455228383
213 41790.9224976209
214 41850.3557861275
215 41789.7825586537
216 41706.9693454467
217 41737.8371045395
218 41795.1469773229
219 41757.4842879157
220 41682.2259643347
221 41719.8886537419
222 41803.886509405
223 41797.3821517685
224 41751.1363924904
225 41727.8682265125
226 41724.9848514777
227 41721.2297584092
228 41701.0461331661
229 41688.7750254601
230 41713.361944361
231 41735.4678196273
232 41725.5436450891
233 41708.846891981
234 41719.598081064
235 41722.5261595876
236 41690.0714266385
237 41645.569103428
238 41646.060841806
239 41669.5301734841
240 41676.0792346095
241 41662.5564292141
242 41661.6847111803
243 41681.4883567677
244 41695.2346796077
245 41686.6963132258
246 41665.1268798264
247 41647.1784290288
248 41642.0375278041
249 41639.087097536
250 41626.1901409853
251 41625.4078299293
252 41643.4680394492
253 41658.8683913789
254 41652.0287575756
255 41637.3660132129
0 41632.1580567548
1 41629.4087921868
2 41604.5983558414
3 41575.0269979271
4 41579.0279601846
5 41616.4894838917
6 41631.8451323325
7 41598.3622191384
8 41584.1688614093
9 41626.7265828522
10 41652.833420376
11 41590.6285155569
12 41528.53536946
13 41547.6237592249
14 41600.4185796283
15 41569.3049513465
16 41509.7152006287
17 41542.5946167224
18 41624.8266845735
19 41607.0123442426
20 41509.9163663288
21 41497.9805347896
22 41587.2757538886
23 41594.562422581
24 41481.7308165706
25 41463.2012204172
26 41588.572155067
27 41642.5292661821
28 41504.0155057926
29 41417.6930687062
30 41533.9891951071
31 41632.6721468773
32 41495.4100841773
33 41378.9798473096
34 41513.4479419527
35 41682.9412201573
36 41557.6596924853
37 41354.7058528311
38 41437.7425834826
39 41660.5447722131
40 41579.296181118
41 41323.2569483825
42 41358.3044836884
43 41635.1308387674
44 41622.6138618724
45 41318.6077855358
46 41290.8916224112
47 41599.5021581056
48 41672.6817694523
49 41341.2053991801
50 41224.5069413789
51 41527.2836717705
52 41693.9382784293
53 41379.9633240656
54 41182.2844961029
55 41445.1410108973
56 41693.0665603955
57 41430.9253014237
58 41157.1164318462
59 41356.0469574984
60 41668.2337723057
61 41481.7755200595
62 41147.236960797
63 41269.8362791343
64 41636.2484259902
65 41541.0299946106
66 41151.0591090988
67 41182.2844961029
68 41582.827756742
69 41597.6246115714
70 41171.0415686418
71 41097.5713846173
72 41516.8230553655
73 41656.4544029778
74 41202.5575283238
75 40998.0167148133
76 41414.1167895933
77 41697.4251505643
78 41258.0345580619
79 40912.2083678494
80 41292.746817201
81 41730.4833806137
82 41340.2442741685
83 40838.3805559135
84 41138.7880013928
85 41723.4649328548
86 41448.9855109436
87 40812.631346301
88 40983.5774878952
89 41662.5564292141
90 41554.8880761728
91 40847.5671228846
92 40847.7235850958
93 41539.2642067986
94 41627.7324113527
95 40932.3249378592
96 40765.2456480558
97 41408.5959087129
98 41675.565144487
99 41027.2751483053
100 40689.607344819
101 41266.483517466
102 41718.5922525635
103 41130.8754838557
104 40599.9768495532
105 41108.5684428893
106 41796.0410471011
107 41268.0928430668
108 40416.1337514083
109 40873.9421813419
110 42087.7536639874
111 41403.8126353994
112 -7949.91200565243
113 -120349.682313166
114 83012.2331395427
115 181714.854444844
116 32584.1495495021
117 -163299.632167772
118 25023.5155252833
119 181870.891972887
120 92386.822985032
121 -146358.105106128
122 -25772.7012959363
123 174282.050047165
124 117092.116724505
125 -134653.68117734
126 -85975.806233383
127 153562.988765596
128 142585.734139172
129 -103794.393395709
130 -127017.38649814
131 127399.22134867
132 156654.056209809
133 -81083.4340552609
134 -154122.94466769
135 98366.7863448604
136 166851.324361721
137 -56408.8516126694
138 -173361.962838407
139 62206.0447580868
140 179891.063856013
141 6857.0681639991
142 -179365.149660724
143 14251.0252298147
144 180678.359350963
145 55253.1323138633
146 -173732.420651009
147 -36052.268570932
148 173289.677296838
149 99770.051213509
150 -153927.23279324
151 -87463.2924751392
152 155847.828787306
153 136278.362426563
154 -118869.549795336
155 -128474.720236626
156 129809.477008519
157 161899.854171259
158 -71065.8292252814
159 -161169.533272926
160 88281.4557291813
161 176048.553114957
162 -20321.4460994537
163 -176384.969220754
164 41566.287465845
165 182323.358335895
166 41225.9151012796
167 -173158.807833053
168 -4675.6049603945
169 179140.782849882
170 101929.565004058
171 -146030.16031148
172 -182220.070924767
173 -168842.305999077
174 -166731.496659696
175 -164564.852662665
176 -161932.755939097
177 -159509.916247119
178 -157911.297131931
179 -156410.533953969
180 -154470.916625371
181 -152501.772642347
182 -151011.559487767
183 -149695.131146327
184 -148105.989170788
185 -146417.672505101
186 -145035.910014619
187 -143844.919663062
188 -142479.339835565
189 -140993.217050221
190 -139697.531127635
191 -138589.108120097
192 -137381.286904965
193 -136056.387252377
194 -134848.007243634
195 -133808.472312507
196 -132719.897654044
197 -131526.649776298
198 -130393.639849858
199 -129405.893910634
200 -128408.849645716
201 -127325.728812901
202 -126274.168643256
203 -125334.277788911
204 -124402.79119048
205 -123408.965576764
206 -122426.33818702
207 -121526.635769205
208 -120648.703950489
209 -119731.72363421
210 -118822.074690112
211 -117968.975659487
212 -117132.953361625
213 -116273.573490807
214 -115421.681454382
215 -114611.520124855
216 -113813.831068734
217 -113003.803849674
218 -112209.065223821
219 -111445.551984972
220 -110675.892016398
221 -109884.796724891
222 -109108.945323103
223 -108368.543788021
224 -107626.264706405
225 -106871.982738016
226 -106139.471368727
227 -105439.325325409
228 -104734.999505877
229 -104014.111043705
230 -103310.411073018
231 -102644.463198717
232 -101978.202399993
233 -101290.282760892
234 -100617.741121977
235 -99981.9010474564
236 -99352.2524061504
237 -98696.9663139542
238 -98046.0835154156
239 -97433.0645719844
240 -96834.3060415156
241 -96210.0888741122
242 -95586.9445904427
243 -94995.6068391331
244 -94424.4750648111
245 -93830.4774559113
246 -93227.9861841185
247 -92654.0157382507
248 -92105.973315951
249 -91542.0611550881
250 -90962.1227934507
251 -90404.849100691
252 -89879.6725129691
253 -89341.4648582298
254 -88780.3466654237
255 -88240.3061676391
0 -87735.2237981825
1 -87225.2463966902
2 -86687.9998669624
3 -86162.599761796
4 -85674.3035524253
5 -85187.0578750441
6 -84650.2807319499
7 -84119.7620773032
8 -83694.2966215964
9 -83258.7058256514
10 -82718.9559005446
11 -82190.1806819654
12 -81773.0971304294
13 -81369.2458116109
14 -80851.333540837
15 -80328.0568513938
16 -79915.2424830487
17 -79539.6661209662
18 -79056.1978883979
19 -78535.6704635227
20 -78119.8609614207
21 -77765.630515293
22 -77314.8405331183
23 -76803.3655647475
24 -76382.2363474651
25 -76044.2332678119
26 -75632.5588384341
27 -75132.5726667133
28 -74705.5872923836
29 -74376.1225791124
30 -73996.3440890722
31 -73514.4851821047
32 -73082.247147828
33 -72758.3033154372
34 -72415.9416456153
35 -71955.1604336692
36 -71514.5404952217
37 -71189.7249447972
38 -70872.8219119098
39 -70438.3934066765
40 -69994.9795001721
41 -69663.4360746665
42 -69373.2433764033
43 -68971.02373493
44 -68527.4533662144
45 -68186.83513246
46 -67911.036957626
47 -67541.0038281684
48 -67101.568532177
49 -66752.0543041294
50 -66489.8683416687
51 -66153.7651602942
52 -65722.1306231178
53 -65359.5182728193
54 -65099.9251127154
55 -64796.1649055678
56 -64382.1658947666
57 -64011.596323442
58 -63754.1936342947
59 -63479.8706745947
60 -63084.647129136
61 -62701.4264704497
62 -62428.6904846061
63 -62165.4539901559
64 -61776.3324709335
65 -61361.7523147765
66 -61059.5567297407
67 -60800.7905841816
68 -60432.4338355582
69 -60014.0538828437
70 -59695.6756348223
71 -59451.1699022257
72 -59117.1230813412
73 -58706.2533147637
74 -58379.3814038493
75 -58142.1623399451
76 -57839.2514990868
77 -57436.7412849356
78 -57095.3183883808
79 -56861.1838652115
80 -56589.3866526349
81 -56202.7685287915
82 -55852.8966728326
83 -55616.7281409178
84 -55372.3341670435
85 -55004.5585637758
86 -54640.158073921
87 -54393.2607046677
88 -54169.6985566257
89 -53828.0744943708
