116 40717.1446939879
117 40751.8122496381
118 40683.0359319491
119 40620.6075096855
120 40673.9611237003
121 40722.6208713795
122 40663.0311206616
123 40585.828195313
124 40621.9039108639
125 40682.2759726377
126 40641.7299081957
127 40554.55810482
128 40571.6348375839
129 40641.7969634291
130 40622.0827248195
131 40532.2063603647
132 40524.0032701496
133 40597.8981373189
134 40601.8990995764
135 40515.0178688786
136 40486.8770226094
137 40559.3637298779
138 40578.9215062763
139 40498.9916681041
140 40450.1978099582
141 40514.7719996896
142 40556.4803548432
143 40488.4863482101
144 40421.520521822
145 40472.3483887134
146 40523.2209590937
147 40466.2463624771
148 40384.1037016039
149 40418.4583328317
150 40485.8041388755
151 40449.795478558
152 40360.008521081
153 40371.005579353
154 40443.1346587103
155 40426.5720160689
156 40336.3603754473
157 40327.8890642988
158 40406.4777978036
159 40410.8587397169
160 40322.502293885
161 40290.2040231471
162 40362.3554542488
163 40387.1882423387
164 40307.0125349775
165 40254.0389006184
166 40321.2058927066
167 40364.8812013723
168 40296.9318982282
169 40227.6191386722
170 40275.8318514623
171 40332.5829306344
172 40282.246802121
173 40201.1099697483
174 40234.4587724756
175 40303.8609390093
176 40272.4343863051
177 40181.7086555611
178 40187.3859986527
179 40262.8454879338
180 40253.7483279405
181 40164.8107367528
182 40149.2315708675
183 40224.6016531708
184 40238.7950108999
185 40157.0993849158
186 40111.4124192491
187 40170.2869141444
188 40208.5531006519
189 40152.494925558
190 40092.0111050619
191 40134.3676608047
192 40186.2907631744
193 40138.5250852734
194 40062.7973750588
195 40097.7555033869
196 40161.7038442736
197 40126.9245299011
198 40047.441726618
199 40054.8178022883
200 40118.4308670081
201 40115.1898640621
202 40045.0277382169
203 40024.9111682071
204 40078.3318374553
205 40090.8264626058
206 40029.0238891869
207 39991.1153305906
208 40036.690537535
209 40061.188049458
210 40007.4544557875
211 39954.3243592172
212 39993.6410777141
213 40033.3377758667
214 40003.8334731857
215 39961.9686558209
216 39970.6858361585
217 39989.9753916234
218 39973.6362664266
219 39938.9016555431
220 39936.0629839972
221 39954.167897006
222 39948.5129056588
223 39914.0465157087
224 39905.8434254937
225 39927.0552309817
226 39924.8871117696
227 39891.0689224087
228 39874.5509832562
229 39894.5557945437
230 39900.65782078
231 39863.5092214953
232 39834.6978228924
233 39855.3508347691
234 39872.5393262552
235 39845.4713637199
236 39810.2450144583
237 39821.8455698306
238 39844.9125701085
239 39820.392706441
240 39768.1343279045
241 39786.5521653357
242 39838.3858607275
243 39805.0594097447
244 39729.3540512745
245 39741.5357520027
246 39801.9301655209
247 39788.4297118699
248 39715.3395075011
249 39701.1237980275
250 39754.119784131
251 39761.0488249122
252 39695.5582136581
253 39664.6457510764
254 39718.4463999804
255 39740.4628682688
0 39675.6651610929
1 39631.9675006828
2 39685.6116873755
3 39717.9770133468
4 39653.2910648931
5 39594.8189013981
6 39647.4349078458
7 39693.881832824
8 39639.4553350753
9 39569.2038022523
10 39607.090009104
11 39666.590352844
12 39624.0326314011
13 39541.4205838943
14 39564.6887498723
15 39633.8003437281
16 39609.0569626161
17 39521.4604760957
18 39521.0581446955
19 39595.6906194318
20 39590.3709042514
21 39502.4391415643
22 39482.7696064436
23 39556.083328257
24 39568.846174341
25 39483.7977866885
26 39438.1778762553
27 39504.6072607764
28 39536.4137931363
29 39462.2060015447
30 39402.2362711711
31 39460.8648968774
32 39510.2399003792
33 39448.8396583604
34 39370.7650149781
35 39410.1711404528
36 39470.3420365264
37 39425.303271449
38 39339.8972558853
39 39363.9700846636
40 39436.792068099
41 39412.1157422204
42 39319.4230579642
43 39318.774857375
44 39396.2683554016
45 39392.6697245443
46 39303.4862641676
47 39280.0169324895
48 39356.4151950377
49 39374.3189423465
50 39294.5008628966
51 39242.24248436
52 39273.9372579977
53 39297.8983280538
54 39279.3016766669
55 39248.6797867632
56 39255.2735513775
57 39274.1607754422
58 39260.1462316687
59 39225.4563242741
60 39221.1871410831
61 39240.3649378258
62 39236.9004174352
63 39206.0550100869
64 39195.9296698486
65 39213.5651962239
66 39214.3028037909
67 39183.6362103982
68 39164.4807654
69 39178.9199923182
70 39187.5701174224
71 39164.4137101667
72 39139.491515099
73 39147.001701236
74 39157.4623176411
75 39142.3301866448
76 39117.2068258771
77 39118.5926340333
78 39133.6800615406
79 39127.4215730931
80 39102.8346541923
81 39094.0951221103
82 39100.8229971913
83 39098.0960843678
84 39074.8502701342
85 39061.1933542721
86 39069.3740927427
87 39074.0456073339
88 39057.9299995816
89 39038.3722231832
90 39038.0816505053
91 39044.3624906972
92 39035.5335516374
93 39014.8134845273
94 39007.4150571126
95 39014.1652839381
96 39014.2770426604
97 38993.3111063613
98 38972.8592601847
99 38976.5696497643
100 38987.6784667585
101 38974.6250479966
102 38949.1664110621
103 38943.7572889039
104 38958.2412193109
105 38953.0109111084
106 38913.3812681891
107 38891.7671313008
108 38912.442494922
109 38925.4065067061
110 38890.8730615226
111 38856.8760582061
112 38877.7525875274
113 38907.2568902084
114 38873.7963287588
115 38819.4815897324
116 38830.8139241712
117 38880.3453898842
118 38861.2570001193
119 38787.0492085277
120 38783.8976125595
121 38853.8362209602
122 38853.2327238599
123 38759.5118593588
124 38730.7451642448
125 38814.161874552
126 38849.5893895137
127 38742.5915888061
128 38676.0727973071
129 38767.9384670184
130 38845.1413923671
131 38731.8180479786
132 38617.5559303231
133 38706.9405563999
134 38843.420308044
135 38743.5303620732
136 38567.7338919322
137 38632.3527851525
138 38828.0870113477
139 38760.5176878593
140 38513.1956354613
141 38534.1615717604
142 38798.7391708778
143 38795.7887406097
144 38482.0149519461
145 38427.074364075
146 38742.5915888061
147 38840.3134155647
148 38474.8176902315
149 38312.3205080414
150 38660.895962822
151 38888.2579074213
152 38502.332687656
153 38203.5569195219
154 38542.2529032532
155 38922.6572421381
156 38564.2917232861
157 38109.992517232
158 38393.5020439031
159 38930.4803526974
160 38666.9085820804
161 38055.2307433165
162 38223.9640622096
163 38898.159730215
164 38786.9374498054
165 38032.4543157165
166 38036.0305948294
167 38836.0218806293
168 38941.0527278248
169 38060.2375340745
170 37837.5694558107
171 38691.0037626033
172 39045.9941680424
173 38174.0749685854
174 37739.9370360299
175 38476.5164228101
176 39012.8688827597
177 38320.7024122122
178 37747.5589808892
179 38274.2107837451
180 38902.3618581726
181 38437.2444078022
182 37795.1011413456
183 38117.1003719688
184 38787.8538713281
185 38527.6572141239
186 37828.8522754732
187 37964.1697364056
188 38664.7628146127
189 38603.6531452719
190 37872.6616946056
191 37829.5675312957
192 38543.0575660536
193 38682.4653962213
194 37925.8588464092
195 37684.2141371029
196 38394.3737619369
197 38757.7684232913
198 37995.0598472428
199 37518.6547659224
200 38224.0534691874
201 38875.428006104
202 38109.0984474538
203 37294.3103068245
204 37987.3708471502
205 39106.0086019049
206 27818.9811490752
207 -105743.510215701
208 -169538.428728393
209 62649.0786849354
210 156462.881739483
211 -69554.0913407912
212 -184509.984792469
213 14655.9941358559
214 168615.368737622
215 -12500.9059907086
216 -185160.018224718
217 -26089.7607910348
218 168690.336488525
219 25376.3154597658
220 -182941.272311362
221 -71283.4681610427
222 159833.211878921
223 75341.6061808594
224 -166187.052868253
225 -108941.553108877
226 142995.463966783
227 133209.691430293
228 -119278.363201423
229 -146435.308031477
230 106653.785008643
231 155792.06118489
232 -80351.9285144721
233 -177243.79029796
234 46079.3281888161
235 168952.947134131
236 -33182.1034171705
237 -186167.97014093
238 -8256.37677387914
239 170012.688042246
240 5589.7689568721
241 -186149.865227922
242 -50811.8630423383
243 167079.781541798
244 74677.6029083255
245 -163190.399192619
246 -82098.3820674875
247 156719.010379196
248 105233.599869442
249 -145336.451570565
250 -83744.4315844097
251 157932.777158353
252 154520.045759683
253 -88675.6510943951
254 -125695.616089775
255 130790.092741262
0 176014.600815129
1 -26446.8299087083
2 -151242.90004288
3 94789.367293044
4 185119.94154691
5 32738.6895106661
6 -160281.230244783
7 47499.8709559287
8 187161.236961035
9 164593.731116501
10 51041.2366439386
11 19708.158935089
12 21795.4989427923
13 20579.8099136126
14 20364.8755389304
15 22380.9358335657
16 23859.1908048619
17 23152.4062934406
18 22634.6951883668
19 23820.8799148655
20 25121.9973113534
21 24748.343199294
22 24086.0386593388
23 24822.37217693
24 26049.7511684598
25 25931.6892542469
26 25176.2002916575
27 25573.1449214393
28 26747.058540232
29 26865.4780823562
30 26045.392578291
31 26156.436044745
32 27281.0417152693
33 27632.9252282292
34 26807.4976572392
35 26648.4873471841
36 27665.7152373451
37 28242.3678925476
38 27494.0538399284
39 27090.3589833211
40 27953.2480780182
41 28724.8750001043
42 28110.6937659614
43 27490.4105055822
44 28165.7908160437
45 29104.4523244443
46 28676.6399355698
47 27856.8450041825
48 28320.5319429078
49 29427.5020870569
50 29221.3295962011
51 28159.8229002741
52 28372.2091760885
53 53776.9784065459
54 145135.665850123
55 -18841.2465263899
56 -187500.022351744
57 -51959.6698236072
58 164032.590571951
59 38895.9245557695
60 -180704.265022786
61 -111147.267955216
62 137842.470448312
63 75459.4669293722
64 -166091.253291518
65 -140796.119367614
66 113283.580635021
67 119781.411562134
68 -133199.275517377
69 -168324.773707959
70 72161.1317588248
71 120803.422725609
72 -133287.766073676
73 -187500.022351744
74 -17185.786925052
75 146924.565365859
76 -72079.257318885
77 -187500.022351744
78 -89912.0378389404
79 134228.975680944
80 78835.0273770127
81 -18704.4762020679
82 88494.6690195404
83 187500
84 113909.273017558
85 -129480.884013281
86 -35480.5332995097
87 185376.718387213
88 144182.453356082
89 -108397.846925002
90 -80661.790747856
91 165945.296400225
92 173261.894078481
93 -64751.8860998018
94 -120128.668263992
95 133428.179732344
96 187500
97 -18600.1829624394
98 -140268.461736257
99 99324.4021325591
100 187500
101 43098.7007139564
102 -146545.122151985
103 53483.9693884813
104 187500
105 123178.92142283
106 -119046.195631766
107 -185094.035875086
108 -185615.971459862
109 -185617.804302908
110 -185357.697052681
111 -182443.118982687
112 -178689.501129329
113 -177623.635843234
114 -176568.387635754
115 -173806.539035623
116 -171001.931548349
117 -169812.550522393
118 -168931.86943911
119 -166880.336926024
120 -164438.989989637
121 -163144.421654275
122 -162423.332026402
123 -160806.764460416
124 -158599.864971622
125 -157234.732179014
126 -156617.533459369
127 -155341.472368416
128 -153344.031076912
129 -151915.396978306
130 -151362.034840826
131 -150370.757325978
132 -148563.439972811
133 -147057.535893623
134 -146480.167982598
135 -145696.13584234
136 -144048.298185861
137 -142463.179524324
138 -141863.728089777
139 -141306.364990039
140 -139854.038042311
141 -138208.167339345
142 -137545.549874967
143 -137200.908327211
144 -135958.397204685
145 -134253.495544612
146 -133484.394369649
147 -133330.256739885
148 -132324.271777185
149 -130588.010619642
150 -129655.652303177
151 -129715.040888195
152 -126654.371816441
153 -16660.8115030302
154 174385.225699571
155 116388.662623008
156 -80935.1972860333
157 -26713.9332549492
158 165414.4871729
159 119260.079474459
160 -37408.9300523913
161 11325.3830463151
162 155160.579700539
163 75994.3218224432
164 -108839.584450672
165 -117906.100202334
166 77332.744280427
167 41566.9133146898
168 -174481.874642596
169 -187500.022351744
170 -65804.6309119023
171 97202.8416040947
172 -132431.224874404
173 -187500.022351744
174 -107726.042893653
175 96418.4518359246
176 -67363.2180527709
177 -187500.022351744
178 -171441.657417018
179 -25744.0240078001
180 -66317.8940198295
181 -187500.022351744
182 -187500.022351744
183 -80494.9126237527
184 -73568.84462462
185 -187448.07689763
186 -187135.890082823
187 567.711957420344
188 55166.4746006101
189 -166957.964534517
190 -187500.022351744
191 -20087.982128618
192 95544.8339038889
193 -143253.157228608
194 -187500.022351744
195 -72953.6575619766
196 110146.46859723
197 -104068.358727498
198 -187500.022351744
199 -187500.022351744
200 -187500.022351744
201 -187500.022351744
202 -187500.022351744
203 -187500.022351744
204 -187500.022351744
205 -187500.022351744
206 -187500.022351744
207 -187500.022351744
208 -187500.022351744
209 -187500.022351744
210 -187500.022351744
211 -187500.022351744
212 -187500.022351744
213 -187500.022351744
214 -187500.022351744
215 -187500.022351744
216 -187500.022351744
217 -187500.022351744
218 -187500.022351744
219 -187500.022351744
220 -187500.022351744
221 -187500.022351744
222 -187500.022351744
223 -187500.022351744
224 -187500.022351744
225 -187500.022351744
226 -187500.022351744
227 -187500.022351744
228 -187500.022351744
229 -187500.022351744
230 -187500.022351744
231 -187500.022351744
232 -187500.022351744
233 -187500.022351744
234 -187500.022351744
235 -187500.022351744
236 -187500.022351744
237 -187500.022351744
238 -187500.022351744
239 -187500.022351744
240 -187500.022351744
241 -187500.022351744
242 -187500.022351744
243 -187500.022351744
244 -187500.022351744
245 -187500.022351744
246 -187500.022351744
247 -187500.022351744
248 -187500.022351744
249 -187500.022351744
250 -187500.022351744
251 -187500.022351744
252 -187500.022351744
253 -187500.022351744
254 -187500.022351744
255 -187500.022351744
0 -187500.022351744
1 -187500.022351744
2 -187500.022351744
3 -187500.022351744
4 -187500.022351744
5 -187500.022351744
6 -187500.022351744
7 -187500.022351744
8 -187500.022351744
9 -187500.022351744
10 -116938.046149975
11 6119.97468709644
12 -159536.55952651
13 -187500.022351744
14 -102379.147992033
15 107761.649222571
16 -83789.8056256539
17 -187500.022351744
18 -94059.6051883227
19 144319.760122271
20 4163.97352981252
21 -184412.933518044
22 -137057.007796408
23 110498.039185767
24 47554.8785990332
25 -172540.11154653
26 -163038.13910939
27 73055.246240526
28 103612.740768521
29 -144407.60247798
30 -184758.089155923
31 -5365.33509079636
32 135789.932106725
33 -93692.0531024996
34 -187500.022351744
35 -43602.9337171237
36 153721.23911634
37 -37560.4301763094
38 -187399.171280762
39 -68969.302650607
40 148816.081740389
41 -21681.4603425813
42 -185749.277263794
43 -54659.2911671747
44 173382.369981095
45 73359.565241285
46 -164381.367192431
47 -100039.00975454
48 152676.406821776
49 130309.083200584
50 -125583.499739587
51 -143998.967885848
52 109751.625031427
53 169162.405331422
54 -61746.9622787192
55 -187500.022351744
56 -187500.022351744
57 -187500.022351744
58 -187500.022351744
59 -187500.022351744
60 -187500.022351744
61 -187500.022351744
62 -187500.022351744
63 -187500.022351744
64 -187500.022351744
65 -187500.022351744
66 -187500.022351744
67 -187500.022351744
68 -187500.022351744
69 -187500.022351744
70 -187500.022351744
71 -187500.022351744
72 -187500.022351744
73 -187500.022351744
74 -187500.022351744
75 -187500.022351744
76 -187500.022351744
77 -187500.022351744
78 -187500.022351744
79 -187500.022351744
80 -187500.022351744
81 -187500.022351744
82 -187500.022351744
83 -187500.022351744
84 -187500.022351744
85 -187500.022351744
86 -187500.022351744
87 -187500.022351744
88 -187500.022351744
89 -187500.022351744
90 -187500.022351744
91 -187500.022351744
92 -187500.022351744
93 -187500.022351744
94 -187500.022351744
95 -187500.022351744
96 -187500.022351744
97 -187500.022351744
98 -187500.022351744
99 -187500.022351744
100 -187500.022351744
101 -187500.022351744
102 -187500.022351744
103 -187500.022351744
104 -187500.022351744
105 -187500.022351744
106 -187500.022351744
107 -187500.022351744
108 -187500.022351744
109 -187500.022351744
110 -46653.8127248064
111 161949.340933483
112 -22695.089601885
113 -186275.727900949
114 -73048.9206968451
115 163668.614765241
116 41782.0265033277
117 -174973.836538057
118 -132512.898148644
119 119982.733724443
120 66537.1199294472
121 -165072.661944945
122 -169004.445553356
123 53155.5999106884
124 100990.858792169
125 -143471.846696359
126 -179360.299332178
127 20184.3628507093
128 145965.809639193
129 -92222.4929597966
130 -187500.022351744
131 -62836.6768761488
132 142914.774169299
133 -40943.1208304311
134 -186784.94534313
135 -88603.8125877157
136 145339.357297344
137 18112.9149333137
138 -177941.835277299
139 -115899.137067692
140 133603.417408874
141 72895.9230060486
142 -160626.587048362
143 -116898.282396589
144 137590.767454
145 94758.8571618625
146 -152502.420842936
147 -136550.763136239
148 120858.653886158
149 150764.215083625
150 -103784.11159326
151 -162114.319159307
152 77224.6959477301
153 177290.79601655
154 -45212.9745737284
155 -176458.99819839
156 20093.9053408987
157 187500
158 187500
159 187500
160 187500
161 187500
162 187500
163 187500
164 187500
165 187500
166 187500
167 187500
168 187500
169 187500
170 187500
171 187500
172 187500
173 187500
174 187500
175 187500
176 187500
177 187500
178 187500
179 187500
180 187500
181 187500
182 187500
183 187500
184 187500
185 187500
186 187500
187 187500
188 187500
189 187500
190 187500
191 187500
192 187500
193 187500
194 187500
195 187500
196 187500
197 187500
198 187500
199 187500
200 175217.202331686
201 130532.086555014
202 183218.523349586
203 186532.281223807
204 125556.699997985
205 48211.4387406634
206 139305.369771167
207 185990.139662044
208 107239.177195928
209 -112539.491062104
210 4615.590526532
211 175535.580579708
212 121124.214962031
213 -125288.5684715
214 -73126.5036018495
215 156646.858948095
216 141680.533192221
217 -101142.180102131
218 -91746.0208232428
219 149186.651311714
220 157707.449222499
221 -71739.7343206089
222 -133375.116691007
223 118792.659794409
224 171637.972788569
225 -26748.1761274548
226 -169826.743880122
227 54574.5333522002
228 177506.043315654
229 26124.2942362182
230 -168680.389962243
231 14770.3903639782
232 178898.467588242
233 114459.014172437
234 -118027.201953793
235 -72957.1667858561
236 144723.3655719
237 111108.018291952
238 -125701.941633456
239 -103647.698896849
240 134530.031327013
241 153312.582172463
242 -63767.4929222456
243 -114643.907802571
244 109822.748282283
245 164651.577431152
246 -35103.0570391485
247 -121557.190603875
248 108759.6546125
249 187500
250 187500
251 187500
252 187500
253 187500
254 187500
255 187500
0 187500
1 187500
2 187500
3 187500
4 187500
5 187500
6 187500
7 187500
8 187500
9 187500
10 187500
11 187500
12 187500
13 187500
14 187500
15 187500
16 187500
17 187500
18 187500
19 187500
20 187500
21 187500
22 187500
23 187500
24 187500
25 187500
26 187500
27 187500
28 187500
29 187500
30 187500
31 187500
32 187500
33 187500
34 187500
35 187500
36 187500
37 187500
38 187500
39 187500
40 187500
41 187500
42 187500
43 187500
44 187500
45 187500
46 187500
47 187500
48 155121.777072165
49 1295.68592258524
50 72065.756865234
51 182501.837015371
52 171739.896743285
53 87993.0735222189
54 109051.590746831
55 179772.577258656
56 132826.448419863
57 -87554.2640750723
58 -132774.435910515
59 98347.3850306732
60 136922.450294787
61 -98865.833743314
62 -174512.608291222
63 52540.2116823449
64 157691.735946147
65 -50322.0245626002
66 -172760.991485237
67 53903.3328179518
68 173100.335669558
69 22245.260744722
70 -169148.368435904
71 25653.7229602007
72 174932.86579047
73 81917.7352687997
74 -154475.610491706
75 -50996.3543410724
76 159589.28729168
77 114285.341118019
78 -122650.257962973
79 -78286.8508442462
80 146991.59824748
81 174593.007516027
82 63019.8717737045
83 -42086.5690215312
84 77330.1738298147
85 166284.484122334
86 162263.427646569
87 187500
88 187500
89 187500
90 187500
91 187500
92 187500
93 187500
94 187500
95 187500
96 187500
97 187500
98 187500
99 187500
100 187500
101 187500
102 187500
103 187500
104 187500
105 187500
106 187500
107 187500
108 187500
109 187500
110 187500
111 187500
112 187500
113 187500
114 187500
115 187500
116 187500
117 187500
118 187500
119 187500
120 187500
121 187500
122 187500
123 187500
124 187500
125 187500
126 187500
127 187500
128 187500
129 187500
130 187500
131 187500
132 187500
133 187500
134 187500
135 187500
136 187500
137 187500
138 187500
139 187500
140 187500
141 187500
142 187500
143 187500
144 187500
145 187500
146 187500
147 187500
148 187500
149 187500
150 187500
151 187500
152 187500
153 187500
154 187500
155 187500
156 187500
157 187500
158 183121.51677865
159 187500
160 187500
161 153054.955965871
162 41519.5276164445
163 166607.958568091
164 187500
165 171101.508569897
166 38396.0277910266
167 145689.206801558
168 187500
169 173112.964405175
170 7164.00231885938
171 116068.965622063
172 187500
173 187500
174 79496.259033234
175 118760.853262049
176 187500
177 187500
178 117821.789422249
179 101171.326776901
180 187500
181 187500
182 187500
183 186492.405711699
184 187500
185 187500
186 187500
187 187500
188 187500
189 187500
190 187500
191 187500
192 187500
193 187500
194 187500
195 187500
196 187500
197 187500
198 187500
199 187500
200 187500
201 187500
202 187500
203 187500
204 187500
205 187500
206 187500
207 187500
208 187500
209 187500
210 187500
211 187500
212 187500
213 187500
214 187500
215 187500
216 187500
217 187500
218 187500
219 187500
220 187500
221 187500
222 187500
223 187500
224 187500
225 187500
226 187500
227 187500
228 187500
229 187500
230 187500
231 187500
232 187500
233 187500
234 187500
235 187500
236 187500
237 187500
238 187500
239 187500
240 187500
241 187500
242 187500
243 187500
244 187500
245 187500
246 187500
247 187500
248 187500
249 187500
250 187500
251 187500
252 187500
253 187500
254 187500
255 187500
0 187500
1 187500
2 187500
3 187500
4 187500
5 187500
6 187500
7 187500
8 187500
9 187500
10 123586.147855061
11 164294.687127434
12 187500
13 187500
14 128916.234244851
15 138723.665621718
16 187500
17 187500
18 136684.448919827
19 115635.587648819
20 187500
21 187500
22 167862.67374309
23 111517.390491651
24 185260.891647445
25 187500
26 176600.328278581
27 94155.6282825027
28 169978.959259863
29 187500
30 180937.907807578
31 73121.765032025
32 156544.68912419
33 187500
34 149595.576476523
35 -77486.0325439015
36 23971.8883004055
37 187500
38 174657.53700227
39 -44451.2718261804
40 -22048.2971725818
41 185084.804604626
42 187500
43 -8132.23518517437
44 -59925.9209544564
45 166980.40568595
46 187500
47 38348.9773689482
48 -85973.056968815
49 140717.575337598
50 187500
51 110013.676883421
52 -87509.7394001173
53 91570.4478705463
54 187500
55 187500
56 187500
57 187500
58 187500
59 187500
60 187500
61 187500
62 187500
63 187500
64 187500
65 187500
66 187500
67 187500
68 187500
69 187500
70 187500
71 187500
72 187500
73 187500
74 187500
75 187500
76 187500
77 187500
78 187500
79 187500
80 187500
81 187500
82 187500
83 187500
84 187500
85 187500
86 187500
87 187500
88 187500
89 187500
90 187500
91 187500
92 187500
93 187500
94 187500
95 187500
96 187500
97 187500
98 187500
99 187500
100 187500
101 187500
102 187500
103 187500
104 187500
105 187500
106 187500
107 187500
108 187500
109 187500
110 187500
111 187500
112 187500
113 153213.787461971
114 -72319.0468334015
115 -156723.771300765
116 83682.4278452906
117 159014.534534757
118 -68804.503238738
119 -156473.409411122
120 93403.8944129818
121 180638.394431876
122 11758.1575224587
123 -166396.332251588
124 46512.2591271709
125 184931.426934174
126 109710.319007673
127 -110470.926519743
128 30590.7762754889
129 182477.808890082
130 174119.731678931
131 46082.7703574622
132 48490.5226219323
133 173695.383810447
134 167852.123719707
135 18601.8146397847
136 471.264180095694
137 160740.178613684
138 174406.258691103
139 -25869.3055354721
140 -187500.022351744
141 -187500.022351744
142 -187500.022351744
143 -187500.022351744
144 -187500.022351744
145 -187500.022351744
146 -187500.022351744
147 -187500.022351744
148 -187500.022351744
149 -187500.022351744
150 -187500.022351744
151 -187500.022351744
152 -187500.022351744
153 -187500.022351744
154 -187500.022351744
155 -187500.022351744
156 -187500.022351744
157 -187500.022351744
158 -187500.022351744
159 -187500.022351744
160 -187500.022351744
161 -187500.022351744
162 -187500.022351744
163 -187500.022351744
164 -187500.022351744
165 -187500.022351744
166 -187500.022351744
167 -187500.022351744
168 -187500.022351744
169 -187500.022351744
170 -185692.615591599
171 -183471.522745076
172 -181350.319844522
173 -179186.179242871
174 -177003.218472388
175 -174915.677298984
176 -172911.686946355
177 -170895.023154619
178 -168875.274822149
179 -166921.50883931
180 -165027.891400801
181 -163137.336151282
182 -161251.318305888
183 -159413.513173284
184 -157618.779852245
185 -155828.58393533
186 -154039.416198661
187 -152279.573950717
188 -150552.544063633
189 -148826.967039939
190 -147111.515356483
191 -145431.155911822
192 -143767.895551669
193 -142105.90924095
194 -140460.642035084
195 -138853.618663981
196 -137278.558287449
197 -135702.805006838
198 -134135.143057721
199 -132607.915414323
200 -131114.707125986
201 -129622.728183595
202 -128136.739508717
203 -126683.920822611
204 -125266.395541
205 -123846.791547154
206 -122425.68998643
207 -121038.31720809
208 -119689.836465101
209 -118339.008788944
210 -116979.575691173
211 -115648.059922225
212 -114357.201976443
213 -113068.154521961
214 -111761.985631226
215 -110480.29190067
216 -109242.094664823
217 -108011.58642907
218 -106762.950928563
219 -105531.749788731
220 -104344.112198843
221 -103171.383222506
222 -101975.319024959
223 -100788.463746126
224 -99645.4178864262
225 -98525.0590473484
226 -97384.0248446494
227 -96242.5212553169
228 -95140.8037711148
229 -94067.7412233044
230 -92972.5728002277
231 -91872.1740689485
232 -90807.8957567091
233 -89779.8272704872
234 -88738.928882948
235 -87679.7914719333
236 -86651.0524333778
237 -85662.3006656528
238 -84664.1611652567
239 -83646.6874059066
240 -82652.750033468
241 -81699.5598911714
242 -80750.3483593879
243 -79771.7219319012
244 -78807.3782691214
245 -77885.9723074403
246 -76974.0881888972
247 -76034.5326107183
248 -75100.4085064421
249 -74209.6020829203
250 -73340.1415753533
251 -72442.0484831391
252 -71539.3509315671
253 -70672.2150054234
254 -69832.728187171
255 -68972.4989500641
0 -68099.1268872174
1 -67258.7459991868
2 -66454.0161435623
3 -65632.7683487855
4 -64792.0298328435
5 -63976.3699741805
6 -63196.4729066459
7 -62408.3503971518
8 -61593.8081257115
9 -60796.3872905239
10 -60041.5018250348
11 -59290.013824703
12 -58579.317758002
13 -58032.2364607139
14 -57429.6110784544
15 -56765.3172332427
16 -56073.97777724
17 -55390.3496730745
18 -54750.1957118745
19 -54132.0582189629
20 -53490.3396356511
21 -52841.6249563247
22 -52225.6108791364
23 -51640.665726741
24 -51034.6652310688
25 -50411.5209473993
26 -49816.8304344214
27 -49255.2875584707
28 -48679.8642492132
29 -48080.2340007107
30 -47500.0497698843
31 -46957.3494145095
32 -46408.0999980092
33 -45829.2121683612
34 -45255.7781643603
35 -44699.063265212
36 -44140.6719852295
37 -43547.9931292526
38 -42957.5717994656
39 -42407.6071271428
40 -41870.7629288152
41 -41302.9168609282
42 -40733.103839529
43 -40195.3879231677
44 -39676.1792512154
45 -39130.1931894056
46 -38572.3159995456
47 -38042.2667315324
48 -37538.0784318541
49 -37015.1593703222
50 -36473.4871951922
51 -35956.3572354743
52 -35469.1339098375
53 -34969.1700898612
54 -34443.0100253832
55 -33934.2843215805
56 -33458.7956617827
57 -32978.1437490158
58 -32470.2674115023
59 -31971.6223444489
60 -31508.3824406126
61 -31049.2552577561
62 -30559.2603158069
63 -30071.4111413254
64 -29618.0507085384
65 -29179.9341654699
66 -28713.9226453212
67 -28238.5010407568
68 -27792.1367039843
69 -27367.9005942226
70 -26917.0659085591
71 -26450.8308709658
72 -26011.9990720748
73 -25601.6657473643
74 -25172.0205154443
75 -24719.1741727798
76 -24287.2490629255
77 -23885.5435115747
78 -23472.2374048516
79 -23032.7127018824
80 -22606.6437490754
81 -22216.00231123
82 -21824.9585419844
83 -21401.9294264232
84 -20985.8293516433
85 -20602.4745824903
86 -20225.0206738735
87 -19817.1236893086
88 -19406.3209779645
89 -19027.9059443362
90 -18667.171140572
91 -18276.4626474932
92 -17873.9747850865
93 -17498.7784026597
94 -17145.3079158435
95 -16770.223292139
96 -16376.609072281
97 -16006.7771085235
98 -15667.2541102474
99 -15310.3191030406
100 -14928.1489763437
101 -14562.0274021658
102 -14226.9747527808
103 -13885.4848009926
104 -13516.3233895687
105 -13155.6556410379
106 -12829.3425237349
107 -12501.7553569979
108 -12145.2450329357
109 -11791.5957321639
110 -11467.4283823286
111 -11152.1123232975
112 -10807.6272377523
113 -10459.6552800721
114 -10141.9699361288
115 -9840.28844121557
116 -9509.90730642168
117 -9166.04806972123
118 -8847.87098739993
119 -8554.68315537967
120 -8239.83648298222
121 -7905.38733069746
122 -7593.71460601266
123 -7308.99808514095
124 -7008.99297106182
125 -6682.81396422553
126 -6369.93424534014
127 -6089.19633498148
128 -5802.93754374236
129 -5488.35909227837
130 -5183.72716709699
131 -4909.49361437483
132 -4636.10942794197
133 -4331.43279927168
134 -4023.87279556665
135 -3749.4827806333
136 -3487.78855655057
137 -3195.07011116387
138 -2895.08734882919
139 -2622.46312170781
140 -2367.87675236186
141 -2088.03291178142
142 -1791.24644890385
143 -1519.33747760504
