45 94037.0746299117
46 105784.458611543
47 109118.847145897
48 99660.7064796336
49 92971.3434542827
50 103965.317185559
51 109479.492542683
52 101936.024658206
53 92591.2967433091
54 101854.396087455
55 109424.44019609
56 104069.453962976
57 92931.5573491523
58 99585.4258043082
59 109005.635560231
60 105943.468921598
61 94024.5800047612
62 97360.7566786714
63 108208.997036099
64 107446.243756562
65 95695.3281993065
66 95336.2250728876
67 107018.967809554
68 108509.471536812
69 97765.9491021573
70 93755.152077097
71 105445.829683045
72 109198.821687558
73 100030.717257347
74 92793.7811963297
75 103556.459075982
76 109454.123312726
77 102314.104415668
78 92546.0121090427
79 101401.169765135
80 109352.534634177
81 104394.627141312
82 93011.3530768577
83 99131.2383569763
84 108857.778770659
85 106193.272017631
86 94236.9215770866
87 96930.8432258181
88 108007.540763323
89 107643.564956613
90 95986.1243946701
91 94981.9275715265
92 106741.761474819
93 108620.291485821
94 98102.9463533099
95 93481.3432075194
96 105084.960768814
97 109208.745862096
98 100379.940912716
99 92637.0060607202
100 103137.78855059
101 109418.181707642
102 102636.125998035
103 92520.3299546635
104 100953.844303351
105 109232.863394363
106 104718.101587069
107 93208.6519251647
108 98669.6077787409
109 108621.073796877
110 106424.880793676
111 94476.8675538144
112 96495.8559269733
113 107729.954448933
114 107766.454847628
115 96301.2169362565
116 94629.4405614663
117 106413.079072604
118 108711.64306541
119 98472.9571310231
120 93259.1668676337
121 104727.645781952
122 109238.898365366
123 100782.294664656
124 92552.7846876126
125 102729.600993347
126 109388.565646239
127 103009.377778694
128 92570.2861035211
129 100539.510016383
130 109149.647849756
131 105011.602343512
132 93314.6886008607
133 98254.6476429281
134 108523.30726663
135 106697.840296965
136 94752.7327838818
137 96130.449608618
138 107499.440908365
139 107937.132768289
140 96646.2384636686
141 94307.240165143
142 106126.149729031
143 108817.053892261
144 98872.852191073
145 93066.941865318
146 104358.149094361
147 109270.615490748
148 101174.746593803
149 92486.9140967028
150 102334.019819977
151 109356.490892946
152 103396.018254282
153 92663.9399127889
154 100109.730673996
155 109051.009601475
156 105333.981553791
157 93542.6763943048
158 97863.9391498493
159 108370.8460177
160 106956.070000657
161 95061.8574096987
162 95745.4855138642
163 107263.31707994
164 108132.777587506
165 97047.0052417523
166 94050.3962696071
167 105826.569298097
168 108929.863146527
169 99294.7413676669
170 92907.0598372292
171 104008.16547968
172 109314.804889536
173 101588.879715071
174 92463.5788754915
175 101930.682591281
176 109315.140165703
177 103740.950374717
178 92736.9854136688
179 99671.4129652277
180 108928.834966282
181 105638.278202805
182 93758.6613009764
183 97436.2832231859
184 108184.141896265
185 107181.353233022
186 95388.8187275909
187 95404.5990591763
188 107010.474146661
189 108256.270975622
190 97385.5894667613
191 93705.3300387061
192 105400.388586567
193 108894.905018199
194 99574.3840425472
195 92603.1878713593
196 103459.430153302
197 109129.285410557
198 101789.508973302
199 92220.9059859402
200 101265.606435014
201 108993.364452525
202 103837.107579363
203 92569.9508273543
204 98934.5877092585
205 108462.935204856
206 105587.696205103
207 93637.0231076507
208 96638.2141874092
209 107540.434007696
210 106982.82503877
211 95366.6681488357
212 94642.2257592947
213 106279.169771572
214 107945.760541649
215 97337.8684923492
216 93025.2335101644
217 104626.571193525
218 108511.304379857
219 99523.1985477446
220 92028.6362801357
221 102643.300908005
222 108752.144426363
223 101793.241714626
224 91895.8669180711
225 100572.680005155
226 108682.988129018
227 103942.049019581
228 92508.7517510357
229 98360.6172633907
230 108219.189431571
231 105775.450858528
232 93811.5231766132
233 96214.9615544035
234 107362.871749743
235 107213.763262482
236 95654.2456929977
237 94346.7804010845
238 106113.744510859
239 108224.643257218
240 97841.9450333053
241 92955.2949017638
242 104484.458802278
243 108821.099558008
244 100176.137706773
245 92222.8058842189
246 102563.192255878
247 109042.560642071
248 102453.556949324
249 92191.0217036035
250 100406.338322918
251 108861.84678815
252 104531.196299934
253 92915.8887762891
254 98166.6041215186
255 108295.94532203
0 106265.378745243
1 94303.5297755635
2 96043.657784898
3 107348.387819336
4 107600.694310748
5 96201.2152315635
6 94226.7068298706
7 106012.714625921
8 108526.034179453
9 98417.480101285
10 92923.3989624261
11 104299.274599466
12 109037.464444335
13 100743.536739771
14 92295.2925914875
15 102330.398837376
16 109371.399506497
17 103333.567480274
18 92872.5263920458
19 100772.705766285
20 109718.410339166
21 105899.123060599
22 94166.8041547303
23 98837.2682139001
24 109160.868425473
25 107486.387489603
26 95544.8562556334
27 96522.6780203197
28 107930.31548623
29 108544.004981995
30 97328.6148701447
31 94617.6835438828
32 106367.950900549
33 109228.862432106
34 99434.8197501683
35 93324.8139410989
36 104522.74734053
37 109646.147149342
38 101727.080551038
39 92825.5206734563
40 102490.347920698
41 109717.672731599
42 103946.519368472
43 93063.0750135273
44 100250.658422787
45 109333.714465346
46 105815.728702036
47 93952.0709457482
48 97939.130418197
49 108543.513243617
50 107311.686254941
51 95457.259769113
52 95817.3910757769
53 107379.479095874
54 108412.800242043
55 97408.6788187836
56 94092.7751770944
57 105846.283536706
58 109148.016172411
59 99649.4635521726
60 92990.7671202144
61 103973.676737985
62 109466.68499311
63 101894.60687573
64 92567.4474319753
65 101858.575863668
66 109450.859958036
67 104071.13034381
68 92951.7186226509
69 99628.3411536623
70 109031.183604143
71 105925.945153945
72 94001.6694666945
73 97365.2270275625
74 108203.766727897
75 107385.961101766
76 95614.3478291449
77 95316.1755581112
78 106966.195340895
79 108433.117977752
80 97718.0046103006
81 93758.9965771433
82 105411.676217517
83 109110.755814404
84 99930.3579247425
85 92758.0407569457
86 103517.254116208
87 109389.727936951
88 102193.472050842
89 92473.1007186295
90 101378.035709624
91 109295.627092794
92 104292.949055785
93 92950.5339801948
94 99136.7815896012
95 108842.400770474
96 106129.189566277
97 94161.0597564053
98 96932.3184409521
99 107964.58071048
100 107522.597315621
101 95870.8340967696
102 94924.3494778096
103 106656.891901123
104 108499.569714018
105 97970.9145988124
106 93444.4628291682
107 105062.16198947
108 109157.538015549
109 100308.795310115
110 92631.9545664733
111 103131.239489465
112 109351.014715554
113 102545.288508569
114 92495.7430357627
115 100932.498387396
116 109123.63041921
117 104546.037858252
118 93087.0584353278
119 98633.5097114455
120 108495.904027927
121 106221.234049944
122 94387.8852591378
123 96445.6092054378
124 107491.930722228
125 107503.084242712
126 96226.4056475646
127 94623.2491282522
128 106141.483025728
129 108351.422351768
130 98378.1633827881
131 93334.8051708704
132 104462.308223523
133 108836.343447726
134 100662.623424843
135 92707.2799452877
136 102500.383853958
137 108893.541561787
138 102790.062462099
139 92735.1078671346
140 100351.308328069
141 108621.073796877
142 104714.145328301
143 93480.0915098299
144 98216.4932151429
145 108092.835020165
146 106386.234627513
147 94852.8238955526
148 96161.4067746886
149 107187.455259258
150 107656.663078864
151 96675.8545250719
152 94400.4916430106
153 105889.198886061
154 108536.025409225
155 98817.6433822684
156 93141.5743400543
157 104211.387540267
158 109036.682133279
159 101081.942150824
160 92548.6943183773
161 102214.572097608
162 109126.267925056
163 103256.319851437
164 92693.7794916367
165 100042.183702252
166 108834.845880848
167 105186.974130508
168 93577.9921505442
169 97864.7438126497
170 108187.986396311
171 106782.575760195
172 95086.5784390662
173 95797.2745057672
174 107103.725624529
175 107934.316448488
176 97039.5397591042
177 94137.6127764717
178 105651.175159356
179 108670.672317823
180 99272.7696028673
181 93049.1051732427
182 103816.991009354
183 108941.150777477
184 101475.288149749
185 92627.9536042158
186 101744.045525079
187 108855.029506091
188 103532.945040815
189 92930.3503549517
190 99575.0545948809
191 108446.394913959
192 105331.433454923
193 93899.9466776784
194 97422.3580863903
195 107742.002039194
196 106814.426996044
197 95439.9148154157
198 95465.7087285171
199 106705.618704035
200 107950.365001007
201 97401.5709640468
202 93874.9127238885
203 105295.357739372
204 108717.40981548
205 99655.5432266645
206 92883.5681538067
207 103471.164819141
208 109035.072807678
209 101890.404747773
210 92562.7759173841
211 101452.355259938
212 109018.867792948
213 103973.766144963
214 92978.183088086
215 99241.9465472635
216 108553.593880367
217 105738.346962732
218 94061.2592174124
219 97028.676811299
220 107671.79520986
221 107105.044377451
222 95744.0550022191
223 95117.692067348
224 106454.318041124
225 108085.056613094
226 97817.5145766156
227 93676.4515848698
228 104888.220714119
229 108658.71413454
230 100037.55689115
231 92823.1737402885
232 102998.827755311
233 108847.206395531
234 102195.886039243
235 92625.852540237
236 100922.842433791
237 108732.541946476
238 104205.620790198
239 93144.1671424111
240 98760.9370065852
241 108287.541066115
242 105946.8887385
243 94340.8124853149
244 96650.3064811595
245 107473.624643519
246 107333.166281362
247 96094.2844860893
248 94814.4906538118
249 106292.424356034
250 108349.611860467
251 98223.6457733686
252 93443.6805181122
253 104756.166607877
254 108997.343063038
255 100522.813263275
0 92695.6793899154
1 102851.708573307
2 109202.532077137
3 102751.013964535
4 92661.145944732
5 100681.82357333
6 108938.334457676
7 104766.448410326
8 93433.4434191517
9 98471.7054333336
10 108325.561383434
11 106394.728290406
12 94777.0067783602
13 96402.6715043392
14 107345.370333835
15 107624.789491271
16 96635.3755158634
17 94659.2130850808
18 106006.970227596
19 108469.618376448
20 98766.815515377
21 93415.7408375431
22 104397.242295413
23 108988.938807123
24 100981.292245542
25 92749.1894661414
26 102480.937836282
27 109179.800353026
28 103198.808812953
29 92829.1640078025
30 100359.377307818
31 108965.000088811
32 105136.190967106
33 93593.9512960853
34 98145.7052404529
35 108366.93446242
36 106774.059745557
37 95004.4581299374
38 96060.443944984
39 107408.044625288
40 108039.816682317
41 96922.2378042028
42 94318.4160373707
43 106041.280155335
44 108897.900151956
45 99153.9924328318
46 93133.1477323947
47 104234.923927179
48 109238.294868266
49 101406.31066636
50 92627.1042379265
51 102106.948448056
52 109153.045314913
53 103499.193906688
54 92856.0531563822
55 99878.3677671394
56 108736.833481411
57 105345.31388823
58 93820.9556127734
59 97693.9988367556
60 107989.882885204
61 106845.630031303
62 95371.6972913381
63 95695.4846615177
64 106887.248979479
65 107945.604079438
66 97330.1571405121
67 94079.9676275215
68 105449.741238325
69 108677.131971971
70 99497.4269863876
71 92995.4833382944
72 103718.084540139
73 109112.678064427
74 101746.303051269
75 92562.373585984
76 101712.261344464
77 109188.69634732
78 103894.730376569
79 92866.3796623206
80 99515.3977889297
81 108882.030413393
82 105797.512030305
83 93896.5045090323
84 97294.8413842727
85 108143.573480078
86 107330.685237728
87 95587.4363288208
88 95281.1056710608
89 106938.859157426
90 108378.043279415
91 97638.8123796955
92 93676.7645092922
93 105303.784347032
94 108966.005917311
95 99851.1880458818
96 92663.3140639441
97 103298.676407179
98 109113.750948161
99 102029.566708752
100 92396.2107177032
101 101109.367741271
102 108918.03907371
103 104057.786352371
104 92885.6692177855
105 98851.7968477961
106 108347.846072655
107 105778.02130914
108 94119.4408082296
109 96654.5980160949
110 107392.510162891
111 107095.723700014
112 95797.3415610005
113 94746.1613710119
114 106217.143680709
115 108112.884534941
116 97849.9916613092
117 93298.7071035751
118 104732.674924454
119 108864.685459696
120 100172.337910216
121 92497.330009619
122 102942.836635451
123 109238.876013622
124 102486.257551462
125 92403.31857244
126 100845.885377632
127 109163.930614463
128 104646.397190857
129 93085.9184963606
130 98623.2055572516
131 108691.7276611
132 106442.337506096
133 94450.5148471016
134 96504.7519212666
135 107761.939795248
136 107800.630664901
137 96341.8300559318
138 94666.2762363286
139 106420.499851763
140 108728.809205152
141 98576.3786526178
142 93383.9790086721
143 104730.59621222
144 109216.345455211
145 100890.968846198
146 92758.4877918348
147 102732.462016638
148 109292.743717759
149 103088.435898833
150 92840.183417819
151 100572.680005155
152 109020.745339482
153 105056.059963233
154 93638.5430262736
155 98383.8407258798
156 108391.275512132
157 106679.310700811
158 95052.2685113273
159 96272.0926132313
160 107383.904741276
161 107903.247523695
162 96847.9406056333
163 94476.5993328809
164 106139.963107105
165 108862.673802695
166 99023.2123760238
167 93207.6460966642
168 104478.066203364
169 109414.292504107
170 101340.03774405
171 92627.4171623489
172 102490.504382909
173 109545.966630693
174 103549.597090435
175 92764.0757279486
176 100202.490413486
177 109147.435027055
178 105424.953153724
179 93591.6937698953
180 97835.8206553245
181 108296.727633086
182 106888.791249846
183 95052.7602497053
184 95661.1970855233
185 107055.490559994
186 107924.504032672
187 96971.2104763044
188 93916.3752098531
189 105458.100790751
190 108541.635697083
191 99144.2694239938
192 92837.925891629
193 103651.699859107
194 108869.491084753
195 101388.026939395
196 92422.3846104604
197 101582.665930112
198 108820.004322529
199 103487.973330971
200 92727.9553089089
201 99410.6575144121
202 108490.316091814
203 105371.286615287
204 93721.6021086695
205 97282.972607967
206 107922.13474776
207 107008.149565238
208 95306.4078457842
209 95269.0804325438
210 106869.121714726
211 108213.154460568
212 97404.1861181481
213 93662.4817445853
214 105416.370083853
215 108980.154571552
216 99586.99042642
217 92515.0549429721
218 103461.218292858
219 109205.482507406
220 101754.260272296
221 92059.4369839951
222 101168.9127885
223 108972.21970227
224 103769.068869241
225 92426.4973314401
226 98769.4306694783
227 108330.523470703
228 105462.45938092
229 93541.3576413819
230 96485.4400140572
231 107357.909662474
232 106813.443519288
233 95259.6926998726
234 94528.5671387395
235 106055.540568297
236 107748.931079976
237 97335.208634759
238 93032.3860683901
239 104398.985731481
240 108269.927891484
241 99521.991553544
242 92105.9286124621
243 102442.202263141
244 108436.31427721
245 101680.119535937
246 91867.6366648241
247 100327.257851035
248 108375.606939269
249 103750.561624832
250 92333.5811297394
251 98101.8287660872
252 108008.27837089
253 105599.900257576
254 93559.8872375354
255 95936.1011905791
0 107241.94881224
1 107097.668301781
2 95381.1073757538
3 94023.4624175385
4 106020.649495202
5 108138.879613743
6 97576.7415853431
7 92576.611647202
8 104308.751739115
9 108688.643120366
10 99918.4444449478
11 91829.7057544834
12 102289.718662467
13 108832.945982569
14 102214.28152493
15 91851.5434088163
16 100055.035955314
17 108528.358760877
18 104225.111511363
19 92647.2878631697
20 97830.590347122
21 107920.815994837
22 105957.349354905
23 94135.1317328372
24 95764.9315315404
25 106922.542383974
26 107213.204468871
27 96026.5363486453
28 93974.5120971813
29 105549.407666851
30 108062.190778517
31 98187.2794851398
32 92710.7444656783
33 103925.195804262
34 108653.439122848
35 100508.083463679
36 92061.7615654184
37 102041.10020889
38 108937.194518709
39 102796.544467991
40 92149.3804036832
41 99929.2403375197
42 108838.466863449
43 104907.510269584
44 93004.2452221209
45 97690.1543367093
46 108256.829769233
47 106603.203010941
48 94485.2494579851
49 95517.1400925088
50 107167.316337504
51 107809.549010938
52 96442.5470164474
53 93718.0705330456
54 105655.198473358
55 108580.103049291
56 98713.9983432291
57 92550.3259957225
58 103803.468203958
59 108937.328629175
60 101056.237644701
61 92147.6593193602
62 101748.471170482
63 108933.931164018
64 103268.926235309
65 92499.3193148755
66 99542.7116206541
67 108510.477365312
68 105132.033542637
69 93493.2119838252
70 97330.8723963347
71 107746.830015997
72 106633.109645022
73 95066.6406830121
74 95331.3747443407
75 106683.825753191
76 107800.384795712
77 97057.0635267572
78 93705.0394660282
79 105301.482117353
80 108660.256404907
81 99371.2066854485
82 92653.2557789392
83 103608.628047541
84 109184.225998429
85 101652.872759446
86 92223.7670092305
87 101579.849610311
88 109254.365772529
89 103854.653698761
90 92590.1791560863
91 99315.5061382659
92 108835.784654115
93 105687.943778985
94 93615.6101364625
95 96983.8615636661
96 107961.987908123
97 107135.576860377
98 95294.2932002894
99 94948.3328996102
100 106665.340860527
101 108136.711494531
102 97398.7099407566
103 93424.9050527698
104 105053.891844021
105 108745.930641404
106 99697.0727678624
107 92529.9188530348
108 103130.948916787
109 108949.957364793
110 101930.190852903
111 92307.0272573265
112 100972.575065205
113 108769.377621338
114 103937.466911968
115 92758.2195709013
116 98712.9031077508
117 108263.870568737
118 105684.45690685
119 93875.8291454112
120 96516.4418836167
121 107504.939437501
122 107170.445581728
123 95570.314892568
124 94550.09186865
125 106373.315319218
126 108291.944359773
127 97687.829755286
128 93045.6406528521
129 104823.11008252
130 108994.526743236
131 100020.882489786
132 92157.8964183207
133 102822.22662237
134 109177.766344281
135 102263.678880176
136 91995.2427739194
137 100547.780161831
138 108921.794166779
139 104295.273637208
140 92638.1683514319
141 98214.4592063974
142 108282.713089313
143 106023.689332448
144 94030.2796995973
145 96073.7879364238
146 107308.177031061
147 107359.966022964
148 95965.1361066265
149 94267.4540600126
150 105917.764415474
151 108197.508239449
152 98105.0697690332
153 92895.2134126679
154 104152.825969795
155 108611.060215361
156 100302.760339112
157 92141.8925692907
158 102123.622849419
159 108700.288379227
160 102451.210016156
161 92092.6293245112
162 99952.0614686086
163 108547.08952273
164 104477.373299286
165 92765.6850535494
166 97714.584793399
167 108063.844807606
168 106238.534300153
169 94160.5009627939
170 95565.553970999
171 107160.432000212
172 107622.487261592
173 96099.4030355696
174 93735.1919692984
175 105767.292471801
176 108487.052737123
177 98311.1081494222
178 92395.6966275807
179 103882.168696185
180 108833.214203502
181 100563.247568994
182 91742.4221923855
183 101689.820193031
184 108788.242493658
185 102755.640775638
186 91957.4012705566
187 99444.5204072619
188 108413.783718799
189 104720.493223726
190 92948.8575993607
191 97216.4761682124
192 107637.172357699
193 106240.210680987
194 94456.9297977602
195 95104.4151311416
196 106463.884587751
197 107340.922336688
198 96403.3867601617
199 93399.044084435
200 104975.213703539
201 108075.557121701
202 98584.2464666661
203 92224.8175412199
204 103203.793251967
205 108537.835900526
206 100925.703457082
207 91780.8671928486
208 101282.3925951
209 108798.03255773
210 103208.196545624
211 92047.2329315225
212 99107.0314177312
213 108551.00107801
214 105179.50864786
215 93022.7971700188
216 96834.2613380267
217 107856.130046383
218 106787.47079223
219 94658.6989949583
220 94737.3100802076
221 106702.511811556
222 107948.509806217
223 96778.4490321218
224 93106.8397291708
225 105101.568114944
226 108639.804558731
227 99153.9924328318
228 92149.0451275164
229 103143.130617515
230 108840.322058239
231 101449.449533158
232 91896.8950983161
233 100946.356468958
234 108652.14272167
235 103532.989744304
236 92373.7025110367
237 98678.0120346561
238 108115.633799509
239 105309.707559312
240 93542.7658012826
241 96489.2398106146
242 107270.335527698
243 106744.533091132
244 95243.9794235205
245 94553.1987611292
246 106148.076790342
247 107874.190255903
248 97354.6770041796
249 93070.0487577973
250 104752.076238641
251 108749.976307151
252 99700.7161022086
253 92139.5903396118
254 102985.237894683
255 109205.035472516
0 102066.670604547
1 91923.9630608515
2 100830.596784424
3 109139.63426824
4 104213.041569357
5 92472.3184075735
6 98485.8317358293
7 108583.120534792
8 106035.535757009
9 93830.0304210222
10 96260.8273340258
11 107560.349412006
12 107336.384932564
13 95671.3671292504
14 94320.7406187941
15 106144.25464204
16 108225.179699085
17 97890.1577460954
18 92977.8254601747
19 104421.985676525
20 108713.855888111
21 100214.068617114
22 92304.2332892696
23 102415.894259917
24 108753.28436533
25 102380.958483333
26 92302.2216322686
27 100222.897556174
28 108455.894405352
29 104310.606933905
30 92981.222925332
31 97998.4519479814
32 107881.29811064
33 105972.995576024
34 94265.4424030116
35 95885.2286201988
36 107086.403022576
37 107404.356587452
38 96066.2330467979
39 94034.6606415106
40 105936.182252906
41 108468.947824114
42 98217.8790232991
43 92607.7252754838
44 104246.211558129
45 109070.925005785
46 100563.873417839
47 91897.7221128609
48 102185.939512961
49 109187.422297886
50 102800.299561059
51 91947.5888547407
52 99881.9216945078
53 108862.115009083
54 104814.996399283
55 92843.2456068093
56 97537.6036808018
57 108035.525147381
58 106410.463918503
59 94441.7082597862
60 95392.6632276372
61 106888.634787635
62 107571.324118534
63 96407.3653706748
64 93724.2396145153
65 105441.873424277
66 108339.173595807
67 98655.1014965894
68 92577.3716065135
69 103614.283038888
70 108650.28752688
71 100875.993177413
72 92058.5429142169
73 101494.868277892
74 108582.181761525
75 102970.083411942
76 92254.3218439009
77 99295.2331060449
78 108300.102746499
79 104896.110879911
80 93133.214787628
81 97123.1576351115
82 107815.271057519
83 106638.675229391
84 94666.7456229622
85 95050.9721101489
86 106857.074124464
87 107921.218326237
88 96651.3570131489
89 93294.5049756175
90 105410.156298894
91 108761.50980729
92 98933.3583633135
93 92113.9528887216
94 103464.63810976
95 109089.052270538
96 101280.827972988
97 91734.1296951925
98 101296.563601084
99 109025.528612796
100 103503.910124768
101 92192.1392908263
102 98988.1424889734
103 108499.189734362
104 105358.143789547
105 93373.764261456
106 96754.2867963656
107 107609.791470741
108 106821.087815891
109 95134.2770617339
110 94799.1573571154
111 106349.555414862
112 107803.379929469
113 97205.6355721516
114 93242.1795418477
115 104696.822726348
116 108375.696346247
117 99430.7964361663
118 92325.310984291
119 102856.313032664
120 108695.393347191
121 101726.275888237
122 92112.3435631208
123 100856.837732415
124 108786.253188402
125 103923.407664705
126 92573.0577198336
127 98724.3248491675
128 108558.712429847
129 105878.9617871
130 93717.8693673455
131 96492.3019996049
132 107816.03101683
133 107424.182584784
134 95486.7864235385
135 94498.2134697692
136 106584.248731643
137 108495.568751761
138 97644.780295465
139 92961.0393000888
140 104900.380063102
141 109127.005532623
142 100088.384758041
143 92232.7300587571
144 102912.259449036
145 109246.095627081
146 102369.179114005
147 92169.3628632263
148 100622.636154012
149 108907.220829394
150 104377.05867017
151 92877.153203148
152 98332.2752514214
153 108226.252582819
154 106033.747617453
155 94232.3618212178
156 96176.6059609182
157 107193.870209917
158 107284.148905772
159 96126.8062742718
160 94360.50437218
161 105791.36530058
162 108116.818441965
163 98210.9052790291
164 93019.4220566061
165 104218.294229304
166 108737.325219789
167 100467.425640515
168 92272.6055708653
169 102395.308303274
170 109119.830622653
171 102752.623290136
172 92192.2063460596
173 100277.525219622
174 109064.845331293
175 104830.173233768
176 92852.6780429695
177 97947.9370055124
178 108535.466615613
179 106608.16509821
180 94263.3860425217
181 95731.0239352017
182 107531.67212387
183 107932.148329276
184 96209.0383421228
185 93818.5192726277
186 106000.287056003
187 108722.014274837
188 98455.0086802255
189 92507.8129777685
190 104110.089434396
191 109114.443852239
192 100818.28097323
193 91985.6538755481
194 101964.99251902
195 109075.149485487
196 103053.097790849
197 92233.7805907465
198 99699.4644045191
199 108673.689803325
200 104990.256427557
201 93186.8589743208
202 97438.004307509
203 107931.276611242
204 106561.517007532
205 94727.4976643917
206 95360.2308464326
207 106868.093534481
208 107772.646280843
209 96692.9312578358
210 93636.1290378725
211 105491.293131267
212 108682.786963318
213 98966.4389451073
214 92475.2911895861
215 103767.481895385
216 109203.493202149
217 101333.823959091
218 91998.5731838433
219 101679.58309407
220 109275.510522784
221 103574.318119802
222 92294.2644112425
223 99387.8363833232
224 108893.630968765
225 105507.744015186
226 93319.6730398742
227 97057.0188232683
228 108072.7408019
229 107047.779208157
230 94988.2978186962
231 94981.5922953597
232 106877.011880518
233 108176.452896172
234 97097.408425499
235 93343.2988337635
236 105284.003053189
237 108877.560064502
238 99412.3562469907
239 92325.065115102
240 103383.031890754
241 109204.588437627
242 101751.689821683
243 92028.0104312909
244 101230.514196219
245 109154.609937025
246 103934.06944681
247 92481.9967129227
248 98955.3524798575
249 108732.541946476
250 105821.383693383
251 93639.0794681405
252 96681.0401297856
253 107897.324311414
254 107326.930144659
255 95400.0840067964
0 94684.604666782
1 106687.58084626
2 108441.589288901
3 97598.0875012979
4 93158.7181280515
5 105045.129960195
6 109079.753944844
7 99929.2626892641
8 92255.4617828681
9 103059.311575808
10 109304.59014232
11 102240.142493265
12 92084.0239028959
13 100834.038953071
14 109151.905375946
15 104360.808951951
16 92691.5443171912
17 98539.1853498441
18 108621.297314322
19 106173.937758677
20 93998.7190364264
21 96310.7834828834
22 107701.254809052
23 107578.834304671
24 95833.9760701628
25 94373.513087453
26 106383.150086778
27 108578.471371945
28 98091.3010944487
29 92955.2278465304
30 104612.780167196
31 109062.408991147
32 100383.696005785
33 92128.1685981952
34 102485.788164829
35 109114.689721428
36 102549.512988271
37 92017.3933526747
38 100223.188128851
39 108864.484293995
40 104530.436340622
41 92679.5861339076
42 97859.3346904915
43 108196.323596993
44 106181.112668647
45 94016.9357081575
46 95606.9941052191
47 107135.2862877
48 107432.899765122
49 95869.0459572132
50 93660.2689218842
51 105657.008964659
52 108254.840463977
53 98039.1097711456
54 92266.0565097399
55 103811.134852306
56 108690.5206669
57 100300.614571645
58 91546.5762074681
59 101664.696832263
60 108699.036681537
61 102471.773621055
62 91579.9697136843
63 99285.3312832512
64 108300.236856966
65 104397.041129713
66 92417.4895784246
67 96990.5670870027
68 107651.164549728
69 106102.568638631
70 93985.8444316202
71 94888.0278930697
72 106601.638388829
73 107412.06793929
74 96056.3759274931
75 93167.7035293226
76 105152.127760902
77 108224.397388029
78 98325.3015071513
79 91998.2379076764
80 103348.140817659
81 108691.146515745
82 100723.084893594
83 91526.7725618807
84 101270.702632749
85 108737.235812811
86 102952.224368122
87 91805.7446844274
88 98991.7634715752
89 108369.683726988
90 104929.727903572
91 92825.7665426453
92 96715.5288714801
93 107615.424110344
94 106514.444233709
95 94469.2009054662
96 94639.1412185599
97 106467.952605242
98 107709.100271356
99 96551.6905846227
100 92950.0198900723
101 104913.925220242
102 108475.519236984
103 98896.3885779844
104 91924.6559649296
105 103039.50793022
106 108799.261903675
107 101229.664829929
108 91573.7782804702
109 100876.909598936
110 108749.596327495
111 103420.046379572
112 91993.5663930853
113 98606.1288244878
114 108318.677046141
115 105326.963106032
116 93134.8911684622
117 96319.4783114765
118 107454.402143288
119 106818.159737368
120 94880.7859278662
121 94309.1847669107
122 106225.905564535
123 107920.458366926
124 97035.6058520801
125 92751.5587510537
126 104625.94534468
127 108626.415863802
128 99385.3776914332
129 91817.3228880552
130 102669.36304204
131 108875.481352267
132 101726.38764696
133 91711.7779507372
134 100720.693256938
135 109180.47090536
136 104404.35015015
137 92830.8850921256
138 98985.9296662724
139 109143.970506665
140 106687.692604982
141 94435.4721230831
142 96832.7637711482
143 108131.436482839
144 107923.967590805
145 96129.2202626729
146 94774.8610108925
147 106734.854785783
148 108831.113139524
149 98249.5067417034
150 93272.6896730291
151 104979.572293707
152 109320.146956461
153 100493.644236761
154 92383.5819820859
155 102886.733756868
156 109433.783225272
157 102754.523188415
158 92331.5694727385
159 100581.307778514
160 109122.691645943
161 104754.400820065
162 92973.0198351169
163 98271.9925966254
164 108559.248871714
165 106477.765021058
166 94313.3198396349
167 96052.9114071025
168 107550.693458401
169 107779.798839068
170 96191.3134087698
171 94141.7478491959
172 106127.356723232
173 108658.691782795
174 98376.1293740427
175 92760.7006145359
176 104353.321117559
177 109154.252309114
178 100709.070349821
179 92085.4767662855
180 102264.394135999
181 109232.617525174
182 102938.299231326
183 92156.6447206312
184 99990.4394138383
185 108928.387931393
186 104925.637534337
187 92961.2181140444
188 97636.6442604833
189 108230.07473112
190 106607.047510987
191 94491.1503185213
192 95517.5200721646
193 107186.538837736
194 107882.549808329
195 96500.2145171421
196 93727.2794517612
197 105720.420863679
198 108681.244692951
199 98721.6873433217
200 92473.9724366632
201 103858.006460429
202 109081.720898357
203 101044.838255029
204 91949.220532086
205 101751.712173428
206 109113.952113861
207 103260.387868927
208 92177.8341743748
209 99458.6914132466
210 108746.10945536
211 105212.097491276
212 93154.225427416
213 97177.5394293713
214 108020.080091963
215 106818.182089112
216 94772.379967258
217 95086.6901977885
218 106882.108078254
219 107985.367832824
220 96828.7851606351
221 93380.1345086258
222 105335.412065436
223 108730.262068541
224 99105.5338508527
225 92255.7523555461
226 103425.097873819
227 109080.111572756
228 101431.903413761
229 91880.1536417191
230 101286.192391657
231 109041.688924037
232 103615.914716234
233 92260.3568149038
234 98977.3242446571
235 108603.997064113
236 105512.102605355
237 93371.1044038659
238 96704.2412405302
239 107769.137056963
240 107002.986312269
241 95046.6805752135
242 94626.7360003872
243 106531.386856006
244 108086.397717762
245 97149.5997488022
246 93053.0837837558
247 104976.845380884
248 108827.536860411
249 99526.9536408131
250 92117.7750370234
251 103056.495256006
252 109109.302951014
253 101841.342668693
254 91858.0701181972
255 100841.035049085
0 108963.971908566
1 103954.141313331
2 92362.325473109
3 98508.9210878517
4 108455.559129186
5 105782.022271397
6 93585.9493715703
7 96261.475534615
8 107578.163752337
9 107243.289916908
10 95399.7263788851
11 94303.4180168412
12 106305.768347474
13 108282.131943957
14 97589.9738180606
15 92820.3127169982
16 104646.888929235
17 108902.973997947
18 99934.9400323558
19 91985.7879860149
20 102665.071507105
21 109118.377759263
22 102242.221205499
23 91883.0593684983
24 100418.609430624
25 108928.11971046
26 104367.134495632
27 92611.1897958743
28 98098.7442253523
29 108290.245627194
30 106106.659007866
31 93940.7833147983
32 95901.1207105065
33 107381.446049386
34 107468.282576595
35 95794.2123167768
36 94002.4741294949
37 106045.705800737
38 108445.478492436
39 98030.884329186
40 92626.2101681483
41 104320.128777042
42 109001.16521134
43 100379.270360383
44 91900.2925634733
45 102247.004478813
46 109109.168840548
47 102652.129847065
48 91951.232189087
49 99994.6638935404
50 108852.347296756
51 104708.400929976
52 92755.2467888888
53 97685.4604703737
54 108201.799774384
55 106400.360930009
56 94231.7583241175
57 95532.7639618831
58 107189.757488937
59 107703.579390476
60 96188.9217721131
61 93710.5603469086
62 105754.730791417
63 108573.285767232
64 98457.1544476932
65 92431.4147152203
66 103935.567013689
67 109029.194298887
68 100810.45786267
69 91858.2042286639
70 101851.937395565
71 109085.744212359
72 103043.643002944
73 92041.9132163421
74 99575.6580919812
75 108758.8499497
76 105038.044457203
77 92975.3891200291
78 97267.1028694037
79 108035.279278192
80 106684.093974125
81 94580.6914068093
82 95155.7123846665
83 106939.507358015
84 107882.348642629
85 96593.3542362874
86 93416.4560933657
87 105422.695627534
88 108674.650928337
89 98899.2496012747
90 92283.2226494816
91 103571.121820345
92 109062.185473703
93 101249.222606328
94 91860.7746792763
95 101447.527283135
96 109063.794799303
97 103474.562284298
98 92184.2267732891
99 99137.4297901904
100 108651.449817592
101 105378.886208401
102 93230.2437103085
103 96835.602442694
104 107841.06497062
105 106919.547250217
106 94914.2911928047
107 94799.9396681714
108 106689.19017186
109 108069.991537332
110 97015.4669303259
111 93145.4411918451
112 105096.874248609
113 108785.49322909
114 99341.680031023
115 92135.2988046764
116 103194.405519295
117 109092.583846162
118 101657.231349615
119 91835.9642429309
120 101007.644952255
121 109003.936827652
122 103814.644076186
123 92283.3120564594
124 98708.7456832821
125 108535.176042935
126 105676.343223613
127 93475.2411812831
128 96445.0057083375
129 107656.864244564
130 107144.405799437
131 95242.1242287307
132 94435.5391783165
133 106417.37060754
134 108218.563582726
135 97410.1093304288
136 92909.8538052862
137 104788.956616993
138 108869.200512075
139 99772.4652019102
140 92035.4535621945
141 102803.339398305
142 109115.092052828
143 102087.368319913
144 91867.3460921462
145 100587.208639051
146 108950.136178748
147 104194.131993548
148 92463.9365034028
149 98280.5756664962
150 108402.876067504
151 105978.248235971
152 93763.154001612
153 96030.8725870696
154 107453.195149087
155 107362.894101488
156 95606.301201141
157 94098.9666103085
158 106144.65697344
159 108358.641965227
160 97880.4794407462
161 92700.2167940398
162 104362.999422908
163 108881.404564548
164 100240.622489527
165 91983.1281284247
166 102350.582462619
167 109035.408083845
168 102494.438289933
169 91948.4605727745
170 100152.869540795
171 108841.216128017
172 104542.774503562
173 92679.0943955296
174 97847.577672908
175 108241.205899859
176 106275.369975015
177 94087.9695520365
178 95645.9755475492
179 107240.853576762
180 107601.610732271
181 96029.1962062354
182 93807.0975312111
183 105844.070714005
184 108502.676606497
185 98305.0284749304
186 92506.3377626345
187 104057.38402097
188 108980.221626785
189 100627.553537792
190 91866.3402636457
191 101991.792260622
192 109076.624700621
193 102896.657931406
194 92007.0221432474
195 99708.8968406793
196 108769.578787038
197 104895.037996177
198 92875.2309531249
199 97407.3600658608
200 108073.210188533
201 106541.758065433
202 94414.2156141061
203 95271.9191040896
204 107004.372120425
205 107796.406185199
206 96428.9795075631
207 93512.6132980124
208 105538.343553346
209 108612.513078751
210 98703.4036163573
211 92309.4859492166
212 103686.345063012
213 109014.240981846
214 101045.441752129
215 91823.402562547
216 101574.999281764
217 109028.613153531
218 103250.553101367
219 92066.2989695429
220 99268.3663092096
221 108662.111599697
222 105213.058616288
223 93088.3324847618
224 96991.1929358474
225 107912.747015088
226 106796.791469668
227 94726.0000975132
228 94895.3145617622
229 106760.849864584
230 107954.030687097
231 96786.9650467593
232 93172.1962299581
233 105132.882908926
234 108606.567514726
235 99021.6701056564
236 92004.6752100796
237 103159.425039223
238 108887.88657044
239 101290.126298681
240 91586.3623125985
241 100928.922108283
242 108744.05309487
243 103378.360376163
244 91913.0554095573
245 98528.1212363388
246 108223.682132206
247 105217.976000068
248 93007.4862250669
249 96181.8586208652
250 107313.295580542
251 106626.649990875
252 94661.2470938262
253 94063.5390953468
254 105989.647625643
255 107608.606828285
0 96715.1265400799
1 92401.798653817
2 104278.733346311
3 108184.76774511
4 98943.7519244852
5 91433.7446014577
6 102480.267283948
7 108905.164468904
8 101835.218290713
9 91850.0905454267
10 100897.65201779
11 109292.654310781
12 104452.138179796
13 92732.2468438443
14 98738.8981865523
15 108714.437033467
16 106128.65312441
17 93917.5822040537
18 96370.1944196456
19 107721.326675573
20 107501.363158389
21 95691.2378300712
22 94358.0680320344
23 106360.284252201
24 108457.168454786
25 97822.0072772512
26 92836.9200631285
27 104629.20869937
28 109011.536420767
29 100146.096962225
30 92017.6168701192
31 102582.392404365
32 109163.215358641
33 102452.372306868
34 92008.1173787257
35 100322.9663161
36 108917.100300443
37 104530.212823178
38 92692.5948491806
39 98008.890212642
40 108340.805273152
41 106245.955079312
42 94028.1115803852
43 95778.8790200805
44 107349.348944348
45 107585.450421029
46 95945.5112749948
47 93905.2663928588
48 105956.231767682
49 108484.392879533
50 98156.9928714029
51 92536.9820042827
52 104178.731641618
53 108997.879504905
54 100515.861870749
55 91869.8271357807
56 102103.014541032
57 109102.060985811
58 102783.692214929
59 91958.9658926685
60 99831.56321425
61 108795.77503154
62 104797.226762441
63 92795.0105422748
64 97490.7320726791
65 108099.674653968
66 106440.370552584
67 94257.3957750077
68 95304.5526509944
69 107030.993048071
70 107687.352024001
71 96239.1014384152
72 93490.1944983237
73 105556.448466354
74 108541.993324994
75 98534.3350212973
76 92289.4364344402
77 103749.175816676
78 108990.503429234
79 100899.216639902
80 91774.3851869566
81 101643.417971542
82 109016.654970247
83 103114.699198568
84 91992.8064337738
85 99342.2835281233
86 108661.016364219
87 105081.63035889
88 92964.5708757127
89 97043.0936864726
90 107904.365110918
91 106666.525502983
92 94574.0082352171
93 94929.4456755454
94 106786.599074197
95 107881.611035062
96 96637.4095246088
97 93220.0513148369
98 105251.861244662
99 108645.660715778
100 98929.9608981563
101 92111.2036241536
102 103379.232094196
103 109031.161252399
104 101309.974647757
105 91736.0519452157
106 101229.486015974
107 109010.731757966
108 103550.357049746
109 92187.1995553016
110 98913.9794008707
111 108518.546345061
112 105412.503232062
113 93253.0871931419
114 96663.7845830661
115 107756.307155646
116 106931.259564311
117 94928.931585423
118 94573.315331139
119 106533.510271729
120 108057.876891837
121 97046.4911516298
122 92955.6301779306
123 104918.999066234
124 108719.399120736
125 99345.457475836
126 91951.723927465
127 102952.425533822
128 108987.262426288
129 101652.470428046
130 91665.4651362258
131 100708.779777143
132 108843.764226885
133 103812.543012207
134 92197.8836891513
135 98403.979647634
136 108372.969433423
137 105680.74651727
138 93481.3655592639
139 96232.0159354229
140 107575.079211602
141 107241.680591307
142 95404.9566870876
143 94401.7209889556
144 106486.124573484
145 108498.87680994
146 97822.4990156292
147 93133.3936015837
148 105043.475931105
149 109306.087709199
150 100331.79525516
151 92431.7946948761
152 103158.978004334
153 109562.529273335
154 102599.402081895
155 92190.9546483701
156 100759.741754501
157 109225.733187882
158 104548.720067587
159 92628.2888803827
160 98219.1307209886
161 108492.886542426
162 106150.177854321
163 93654.2786543702
164 95624.1378932164
165 107482.00654769
166 107782.659862359
167 95812.4736919968
168 93917.6269075426
169 106404.563057967
170 108999.198257828
171 98259.8332476417
172 92649.7912585486
173 104769.555302805
174 109638.122873083
175 100683.410547186
176 91842.6027110342
177 102521.729769913
178 109619.369759485
179 102846.925299993
180 91620.6722403374
181 99846.8071039685
182 109051.993078231
183 104722.661342938
184 92249.6726810542
185 97270.3662240942
186 108195.40717547
187 106319.402911592
188 93674.842259269
189 94979.4688796364
190 107040.827815631
191 107627.739921539
192 95691.5954579825
193 93084.3762259932
194 105552.581614564
195 108537.120644703
196 98033.141855376
197 91791.0819400647
198 103687.529705468
199 109021.728816239
200 100470.644291716
201 91147.9104933632
202 101438.251309186
203 109021.125319138
204 102771.532865945
205 91306.6525824848
206 99029.8508441271
207 108589.826058129
208 104748.142331617
209 92231.7018785121
210 96592.3260560425
211 107709.726120201
212 106327.248373896
213 93795.9887142168
214 94352.9941860431
215 106462.007041217
216 107479.905483711
217 95835.6748027414
218 92504.2366986557
219 104781.535837833
220 108195.429527215
221 98089.8705828036
222 91249.9015033128
223 102810.313142575
224 108520.468595084
225 100485.374091312
226 90835.7907337893
227 100612.354351563
228 108491.321920314
229 102783.915732374
230 91205.7121045246
231 98288.0635008888
232 108060.80497036
233 104775.791439508
234 92398.1106159819
235 95978.6365602775
236 107186.270616802
237 106353.824598053
238 94125.2299100435
239 93938.0340502303
240 106035.513405265
241 107557.890720116
242 96345.2722245779
243 92377.8822872498
244 104481.173095843
245 108322.588601421
246 98763.1274775419
247 91436.851493937
248 102559.884197698
249 108636.161224384
250 101174.277207169
251 91213.7140290396
252 100392.994331478
253 108526.97295272
254 103396.040606027
255 91795.2840680223
0 98097.3137137072
1 107998.287141119
2 105245.17807307
3 93015.7563705154
4 95875.3267974051
5 107094.159077902
6 106717.465128596
7 94902.9588583659
8 93925.5170733353
9 105754.507273973
10 107706.708634699
11 97022.0159914513
12 92400.4575491497
13 104095.9631319
14 108330.501118958
15 99384.1036419992
16 91601.896774995
17 102155.205864335
18 108519.306304372
19 101700.683140836
20 91483.6336950819
21 99963.3938030474
22 108370.711907233
23 103835.207681085
24 92140.6855750901
25 97707.8792700624
26 107788.560722895
27 105580.722460833
28 93481.4773179862
29 95572.818287947
30 106867.870017036
31 106992.302178419
32 95400.4192829632
33 93764.4056993015
34 105583.91876029
35 107974.638995485
36 97691.2495721876
37 92508.6176405689
38 103973.922607174
39 108596.419822743
40 100133.714095797
41 92004.6081548462
42 102307.153023142
43 109256.802112675
44 103006.516755404
45 92633.1839124184
46 100719.039227848
47 109476.408001948
48 105475.468096193
49 93687.5827536086
50 98511.8715181198
51 108770.808132983
52 107047.958022113
53 95069.6134650247
54 96405.9795625186
55 107768.846484285
56 108297.509944142
57 96901.4953853483
58 94447.9890999781
59 106259.701402152
60 109044.080560694
61 98848.1535134499
62 92733.6773554894
63 104128.462568338
64 109300.678587041
65 101054.918891778
66 92034.0677540383
67 101917.450358564
68 109219.85467909
69 103238.617269828
70 92181.6786744212
71 99579.5025920275
72 108759.4534468
73 105129.105464113
74 92986.6543992346
75 97191.3975109336
76 107936.708085145
77 106660.222311046
78 94472.4642601567
79 95011.700095141
80 106788.677786431
81 107865.674241266
82 96498.2475636301
83 93276.8470974978
84 105297.90583824
85 108698.567294904
86 98842.2973564026
87 92164.5795899128
88 103469.35432784
89 109100.295197999
90 101215.762044878
91 91728.2288346563
92 101346.028011564
93 109114.645017939
94 103502.904296268
95 92089.0530453984
96 99064.652510244
97 108677.914283027
98 105458.972508785
99 93190.0776255223
100 96801.4713289108
101 107879.733488528
102 107038.682048164
103 94879.3330644766
104 94754.9456065828
105 106696.096860897
106 108182.733736364
107 97025.145235675
108 93143.8765697332
109 105083.038518791
110 108894.279169354
111 99461.4406778146
112 92196.3190670394
113 103173.90896963
114 109209.148193496
115 101791.855906469
116 91899.3314384617
117 101015.535118048
118 109111.94045686
119 103988.987682937
120 92422.2504999936
121 98757.8524658504
122 108611.127270595
123 105867.048307305
124 93611.9668021163
125 96467.8938946597
126 107691.732965914
127 107316.491879999
128 95358.6215208318
129 94483.3719114509
130 106422.533860509
131 108390.269683632
132 97552.7358117981
133 92983.8604311777
134 104784.061584957
135 109017.526688281
136 99881.7205288077
137 92054.4972484705
138 102771.868142112
139 109214.73612961
140 102200.401091623
141 91886.5238888888
142 100580.123136058
143 109077.585825632
144 104344.179254076
145 92474.7770994636
146 98263.923616877
147 108505.939961188
148 106135.202185536
149 93740.377574012
150 95995.0650924522
151 107564.730353919
152 107650.382238672
153 95765.110345496
154 94257.1722575632
155 106449.825340489
156 108911.06532944
157 98317.9030797366
158 93187.4624714211
159 105095.667254408
160 109883.276806268
161 101201.188707493
162 93039.9633097605
163 103729.148653644
164 110723.456528599
165 104186.130069033
166 93648.869532212
167 101954.062515982
168 110819.501974523
169 106613.864793046
170 94726.4471324023
171 99931.3637532429
172 110393.522428694
173 108559.606499625
174 96419.3459057028
175 98072.2574081728
176 109722.903039801
177 110280.42260175
178 98768.3130822555
179 96637.8789112424
180 108699.34960596
181 111522.710206832
182 101305.794871544
183 95590.587924789
184 107180.123887077
185 112223.012712361
186 103837.375800297
187 95069.4570028135
188 105168.891569244
189 112324.869611844
190 106154.648203212
191 95253.0095282805
192 102920.596649718
193 112017.421366861
194 108226.721969452
