53 105483.894703853
54 105456.08913375
55 105358.523769203
56 105376.718089189
57 105471.936520569
58 105468.695517623
59 105368.023260596
60 105360.043687826
61 105459.15132274
62 105480.698404395
63 105386.195228838
64 105351.43826621
65 105440.979354498
66 105486.822782376
67 105401.774394724
68 105342.564623662
69 105423.723807779
70 105488.320349255
71 105418.895830976
72 105340.79883585
73 105402.400243568
74 105486.062823065
75 105440.420560887
76 105348.085504542
77 105387.178705594
78 105481.033680562
79 105459.017212274
80 105359.328432003
81 105368.939682119
82 105467.332061211
83 105470.729526368
84 105372.001871109
85 105358.590824436
86 105454.189235471
87 105480.229017762
88 105384.429441026
89 105342.721085873
90 105432.530395094
91 105481.860695107
92 105401.349711579
93 105342.341106217
94 105418.784072254
95 105487.180410287
96 105422.293296134
97 105339.703600371
98 105396.700548732
99 105480.541942184
100 105438.855938775
101 105345.358591719
102 105376.651033956
103 105471.243616491
104 105456.402058172
105 105355.14865579
106 105359.06021107
107 105455.843264561
108 105463.06287802
109 105365.318699517
110 105344.911556829
111 105442.298107421
112 105477.390346216
113 105386.150525349
114 105342.966955062
