67 -176399.073171505
68 -176689.310573257
69 -176540.492658674
70 -176215.654756505
71 -176324.865379914
72 -176644.830601791
73 -176565.236039786
74 -176111.339165132
75 -176151.371139451
76 -176758.332760135
77 -176852.612418248
78 -176485.216794636
79 -176403.632927374
80 -176701.536977474
81 -176805.472589192
82 -176470.509346784
83 -176320.730307189
84 -176592.482816277
85 -176776.4153214
86 -176492.928146473
87 -176265.387387918
88 -176479.338285844
89 -176730.638948755
90 -176573.997923612
91 -176309.241510539
92 -176356.761319251
93 -176600.529444281
94 -176573.215612556
95 -176323.568978735
96 -176275.400969434
97 -176299.630260423
98 -176287.247393995
99 -176270.125957742
100 -176282.441768937
101 -176297.9091761
102 -176287.247393995
103 -176264.761539073
104 -176268.538983886
105 -176279.871318325
106 -176267.890783297
107 -176243.303864396
108 -176242.141573684
109 -176253.719777312
110 -176249.405890632
111 -176224.573102543
112 -176216.392364072
113 -176226.294186866
114 -176221.577968786
115 -176140.150563735
116 -176077.722141471
117 -176300.36786799
118 -176624.021127703
119 -176692.48452097
120 -176673.105558527
121 -176665.304799712
122 -176640.986101745
123 -176588.370095297
124 -176551.154440779
125 -176552.942580335
126 -176561.436243228
127 -176545.253580243
128 -176519.482018886
129 -176517.850341541
130 -176525.6734521
131 -176507.054448969
132 -176455.176050088
133 -176421.87195085
134 -176405.063439019
135 -176378.733084051
136 -176343.931417934
137 -176331.548551506
138 -176341.584484766
139 -176342.210333611
140 -176304.413533737
141 -176261.542887872
142 -176335.28129283
143 -176573.327371279
144 -176412.506569923
145 -175967.840965729
146 -176188.095055591
147 -176796.062504776
148 -176810.434676461
149 -176441.921465626
150 -176427.728107897
151 -176738.059727914
152 -176768.726321307
153 -176406.605709387
154 -176332.710842217
155 -176639.041499977
156 -176754.577667067
157 -176409.779657099
158 -176251.864582522
159 -176536.446992927
160 -176736.472754058
161 -176420.62025316
162 -176076.224574593
163 -176490.111826672
164 -176962.09126259
165 -176738.84203897
166 -176418.318023481
167 -176575.808414913
168 -176881.177947662
169 -176730.706003989
170 -176370.55234558
171 -176465.837832193
172 -176800.890481578
173 -176743.401794839
174 -176363.668008288
175 -176374.732121793
176 -176714.433934025
177 -176751.291960632
178 -176368.875964746
179 -176276.339742701
180 -176580.077598104
181 -176700.553500718
182 -176286.01804805
183 -176033.398632216
184 -176558.195240282
185 -176936.185590766
186 -176647.53516287
187 -176402.582395385
188 -176625.004604459
189 -176879.054531938
190 -176659.493346154
191 -176360.270543131
192 -176521.024289253
193 -176817.028441075
194 -176677.508852185
195 -176327.301720059
196 -176398.335563938
197 -176712.377573535
198 -176665.640075879
199 -176299.36203949
200 -176300.144350546
201 -176620.400145102
202 -176659.158069987
203 -176227.791753744
204 -176128.43824964
205 -176722.927596918
206 -176963.499422491
207 -176628.133848683
208 -176431.326738754
209 -176663.963695045
210 -176849.304360068
211 -176567.31475202
212 -176315.790571665
213 -176528.378013179
214 -176785.467777904
215 -176576.076635847
216 -176270.483585654
217 -176420.240273504
218 -176716.378535793
219 -176585.129092351
220 -176142.050462014
221 -176208.524550024
222 -176804.198539758
223 -176828.360775514
224 -176450.929218641
225 -176432.131401555
226 -176753.191858911
227 -176807.260728748
228 -176436.780564401
229 -176322.853722913
230 -176623.507037581
231 -176766.401739884
232 -176428.84569512
233 -176234.631387547
234 -176502.204120422
235 -176720.513608517
236 -176411.858369334
237 -176046.854382378
238 -176469.771739217
239 -176957.039768343
240 -176761.484356103
241 -176402.56004364
242 -176499.320745387
243 -176804.131484524
244 -176685.197852278
245 -176306.961632605
246 -176360.225839642
247 -176695.881986127
248 -176671.004494548
249 -176281.972382304
250 -176250.3446639
251 -176584.190319084
252 -176650.619703605
253 -176196.678125462
254 -176056.510335983
255 -176656.274694952
0 -176948.367291494
1 -176607.659650762
2 -176395.742761581
3 -176660.767395588
4 -176888.576375076
5 -176607.257319362
6 -176305.262900026
7 -176474.130329386
8 -176745.346396607
9 -176525.740507333
10 -176057.069129594
11 -176311.499036729
12 -176903.105008972
13 -176826.460877235
14 -176440.312140025
15 -176484.166262646
16 -176823.733964412
17 -176807.707763637
18 -176410.941947811
19 -176369.010075213
20 -176704.152131576
21 -176782.562051125
22 -176400.235462217
23 -176240.398137617
24 -176526.4781149
25 -176688.729427901
26 -176285.01221955
27 -176011.449219161
28 -176541.520838919
29 -176956.97271311
30 -176685.555480189
31 -176373.167499681
32 -176557.323522249
33 -176849.438470535
34 -176650.954979772
35 -176291.874205097
36 -176416.70869788
37 -176750.084966431
38 -176647.199886703
39 -176247.327178398
40 -176268.069597253
41 -176608.95605194
42 -176593.220423844
43 -176081.119606628
44 -176085.657010753
45 -176733.72348949
46 -176925.344994705
47 -176528.959158535
48 -176359.041197186
49 -176659.940381043
50 -176846.242171078
51 -176396.122741237
52 -175873.069569238
53 -176397.776770327
54 -177127.002433181
55 -176835.356871528
56 -176178.595564198
57 -176331.034461383
58 -177099.263918312
59 -176966.338094036
60 -176322.183170579
61 -176367.020769956
62 -176954.670483431
63 -176956.011588098
64 -176227.434125833
65 -176137.848334056
66 -176992.601393771
67 -177212.900187123
68 -176577.864775403
69 -176310.426152995
70 -176817.631938175
71 -177124.744906991
72 -176556.250638515
73 -176082.147786873
74 -176692.48452097
75 -177269.360693617
76 -176820.939996355
77 -176294.109379543
78 -176602.027011159
79 -177135.384337352
80 -176826.639691191
81 -176159.373063966
82 -176379.023656729
83 -177185.429893187
84 -177057.019121292
85 -176381.83997653
86 -176407.879758821
87 -177017.501237095
88 -177042.088155995
89 -176315.56705422
90 -176145.313816704
91 -176995.238899617
92 -177251.412242819
93 -176602.988136171
94 -176325.334766547
95 -176863.20714512
96 -177207.647527176
97 -176642.349558157
98 -176228.507009567
99 -176682.85091911
100 -177156.149107951
101 -176712.243463068
102 -176178.282639776
103 -176513.603510094
104 -177082.142482059
105 -176778.471681889
106 -176033.175114772
107 -176309.062696584
108 -177161.848802787
109 -177061.780042861
110 -176374.486252604
111 -176398.715543594
112 -177036.857847793
113 -177088.490377485
114 -176396.972107526
115 -176257.944257014
116 -176864.771767231
117 -177085.741112917
118 -176394.513415636
119 -176057.359702272
120 -176874.360665603
121 -177344.864886387
122 -176785.825405815
123 -176335.102478874
124 -176756.946951979
125 -177249.780565474
126 -176822.616377189
127 -176261.162908216
128 -176579.138824837
129 -177169.694265091
130 -176896.377133891
131 -176243.505030096
132 -176400.548386639
133 -177036.433164648
134 -176938.554875678
135 -176157.942552321
136 -176203.026020888
137 -177112.29498533
138 -177231.049803621
139 -176533.764783593
140 -176373.189851426
141 -176989.472149548
142 -177243.835001449
143 -176600.082409392
144 -176285.593364906
145 -176831.467667993
146 -177235.006062389
147 -176687.388323234
148 -176209.664488991
149 -176623.328223625
150 -177149.488288103
151 -176721.072402128
152 -176020.12169601
153 -176495.766818019
154 -177314.824141839
155 -177078.879127369
156 -176400.123703495
157 -176550.327426234
158 -177107.869339927
159 -177029.526475612
160 -176483.473358568
161 -176514.966966506
162 -177033.974472758
163 -177088.579784462
164 -176523.482981143
165 -176404.437590174
166 -176919.846465569
167 -177129.684642516
168 -176587.319563308
169 -176320.663251956
170 -176786.45125466
171 -177145.777898524
172 -176664.18721249
173 -176231.211570646
174 -176635.599331331
175 -177187.240384488
176 -176775.185975455
177 -176012.857379062
178 -176414.093543779
179 -177281.095359456
180 -177073.849984866
181 -176344.780784223
182 -176454.416090776
183 -177151.634055571
184 -177120.833351711
185 -176336.465935286
186 -176239.794640517
187 -177148.862439258
188 -177351.391595768
189 -176613.962842698
190 -176383.248136431
191 -177031.694594824
192 -177371.731683222
193 -176707.147265333
194 -176284.006391049
195 -176810.434676461
196 -177262.521059814
197 -176767.005236984
198 -176347.485345302
199 -176705.359125776
200 -177180.646619874
201 -176854.534668271
202 -176335.191885852
203 -176570.309885777
204 -177099.800360179
205 -176923.534503404
206 -176353.408557583
207 -176457.098300111
208 -177008.359373612
209 -176984.845338445
210 -176390.892433034
211 -176350.547534293
212 -176899.215805437
213 -177027.134838955
214 -176456.315989055
215 -176286.263917239
216 -176768.18987944
217 -177006.571234056
218 -176529.428545168
219 -176251.685768567
220 -176651.670235595
221 -177000.692725264
222 -176607.994926929
223 -176206.088209878
224 -176523.41592591
225 -176981.961963411
226 -176677.173576018
227 -176036.952559585
228 -171831.874171719
229 -127820.708193863
230 -45174.1495936095
231 37781.2207080389
232 35805.0135737674
233 -19976.0669441303
234 15241.6992475628
235 72269.6718298998
236 43488.761006446
237 -5133.212224628
238 26036.4295287644
239 52102.2068979987
240 27955.9079356084
241 -37132.3942699902
242 -33027.7422699621
243 32679.1444634371
244 34634.5197718763
245 -1204.80372962996
246 -856.474144038456
247 54242.9899266946
248 57267.6503381312
249 8520.28382066295
250 -14083.9459400113
251 43039.5803498722
252 77408.7402115751
253 46144.8635035591
254 18505.4115659489
255 55782.667491754
0 86643.6093024742
1 42165.8059556253
2 -21061.9817450025
3 9316.29649594981
4 79558.4415863087
5 49659.5859121783
6 -20406.293321406
7 1878.50765925737
8 71114.2431037716
9 60053.1694356405
10 -325.642564969369
11 -2825.88634799556
12 58954.1341607731
13 60049.5708047832
14 -3401.13084329734
15 -23438.9109538687
16 38712.9755274028
17 58567.1360572739
18 -3378.44382267521
19 -41579.5644020515
20 25577.6152703303
21 68893.5302369035
22 12346.8577679226
23 -29231.7678608618
24 31024.4001179218
25 82827.9877099976
26 26313.6358634991
27 -52943.8618354633
28 -74470.1787197803
29 -95828.5892997491
30 -105394.666539987
31 -84394.1967957255
32 -69848.5755739898
33 -69827.1626028016
34 -70305.1993614673
35 -70933.8421742728
36 -71411.5883602605
37 -71113.5054962046
38 -70937.0608254744
39 -71506.8738468735
40 -72111.8908657898
41 -71921.1857820971
42 -71617.3138162272
43 -72097.8986737607
44 -72831.7958512063
45 -72784.410152961
46 -72400.6530524079
47 -72759.1526817265
48 -73510.5065715917
49 -73625.7298142588
50 -73246.1524899188
51 -70731.6706456745
52 -45487.3645886617
53 -16552.0702662552
54 -25045.8449179941
55 -26881.5936901085
56 3133.84868310078
57 26338.1110236777
58 11574.1579621026
59 -886.559592075299
60 20597.601902199
61 45503.8825278142
62 30890.28965119
63 7463.78391549396
64 21407.4950107926
65 48550.4029453281
66 35909.7314965405
67 6221.56336564581
68 15311.9060768969
69 53861.1774279091
70 86723.1815127351
71 105236.013857843
72 119560.017533304
73 130207.47217029
74 137973.697540009
75 142064.200885797
76 139538.140837925
77 131406.710315551
78 125376.008495809
79 121084.47356039
80 103796.896791088
81 79355.8677263102
82 76195.1522463742
83 81487.3971328017
84 72158.8742326348
85 57360.6559468098
86 67446.7018183114
87 99575.7027954701
88 104787.771974536
89 68799.6529101912
90 41796.5774889681
91 45492.0361032529
92 44578.6097143423
93 22508.0055007941
94 6938.20499637187
95 19474.0467636641
96 14780.5157042164
97 13795.6754917712
98 7443.01914489498
99 4877.32945410364
100 13900.7286907111
101 12675.1825422266
102 10938.3178875825
103 30131.5596856546
104 57754.1807596899
105 52156.4992852806
106 22365.1107984913
107 4156.26217797544
108 12124.2790966367
109 1996.25664904793
110 -21375.6437749438
111 -18094.1171162268
112 421.978583571742
113 -16794.5196383619
114 -7692.4646130162
115 22101.1813999631
116 11649.8856723172
117 -24800.0204324747
118 -26645.5592686605
119 -351.615292026435
120 361.092431675486
121 -27328.8297449147
122 -32624.4050412661
123 -11326.7017992379
124 -2240.69532641117
125 -13226.2871535167
126 -19516.4480228958
127 -20578.2229397563
128 -20886.7217167284
129 -20412.1941819422
130 -20391.9211497213
131 -21117.0564433404
132 -21577.3012134196
133 -21222.0425870469
134 -21083.3723644462
135 -21725.2697617137
136 -22329.5491730629
137 -22072.0570769378
138 -21803.5902742851
139 -22334.1983359096
140 -23016.1277074966
141 -22909.4651829559
142 -22581.6097952854
143 -22982.0860006912
144 -23689.6528231684
145 -23728.9918934097
146 -23369.5758425684
147 -23638.4449766213
148 -24341.8096711409
149 -24531.5089263331
150 -24180.4747796625
151 -24324.6435313992
152 -24995.2852720362
153 -25310.9142554896
154 -24992.379545257
155 -25006.7740686863
156 -25647.7773961756
157 -26100.7802010513
158 -25716.7325278202
159 -15477.2866341217
160 27875.2181381247
161 68384.0669255337
162 63496.8580003808
163 44040.6255770475
164 60737.4233886508
165 93327.2502812446
166 102191.370986864
167 103008.439005427
168 96505.7353980226
169 81949.072414526
170 69422.4172142049
171 63391.3130630628
172 60711.9423999718
173 50452.0446600967
174 46534.9684995375
175 40436.3844318848
176 30449.8038232093
177 21817.7836320142
178 13145.5079490552
179 1226.86490140735
180 -2809.92720245447
181 6558.69472726521
182 17177.785000537
183 26222.5301530993
184 21389.0324698725
185 -1564.48800140476
186 -7591.81470773395
187 5976.87881909356
188 3804.91510688247
189 -9964.49708515371
190 -12398.2891319143
191 3048.84499893725
192 811.435378961012
193 -22576.6477080164
194 -29105.1899320114
195 -3054.83526645127
196 14912.5698104584
197 7758.91634928183
198 -4512.70544680422
199 -6102.76384386585
200 -4372.1800294137
201 -10039.2413186123
202 14283.9493493973
203 30899.7220873501
204 2077.41583316515
205 -22201.5854360563
206 -5232.52102524293
207 16537.8992602705
208 -4242.56226331738
209 -33847.3583873938
210 -29644.7163396736
211 -11726.753321499
212 -11986.3688333474
213 -22787.4023064855
214 -26158.939440124
215 -26172.0152106303
216 -26112.0454802567
217 -25883.6777071569
218 -26260.2598977399
219 -27065.3026777867
220 -27161.9739725559
221 -26631.8800010538
222 -26812.4597445082
223 -27695.5324644485
224 -28012.1225729135
225 -27423.3329204718
226 -27400.0200510049
227 -28289.9547564929
228 -28811.1974371907
229 -28282.3775151226
230 -28082.64232667
231 -28874.4752257437
232 -29555.979914186
233 -29155.146080869
234 -28797.8757974953
235 -29456.9393345045
236 -30261.2892104732
237 -30032.2285332952
238 -29560.2267456325
239 -30061.9116499319
240 -30945.9454948837
241 -30907.8804740763
242 -30353.1325284401
243 -30669.8567473718
244 -31508.6506615461
245 -31653.8699452722
246 -31256.8806120015
247 -31439.5390676903
248 -32164.2496781647
249 -32448.2732949583
250 -32083.4034184698
251 -32141.0038639312
252 -32799.7768282624
253 -33209.7525250617
254 -32916.2070651301
255 -32844.8155933399
0 -33444.4458418424
1 -33969.0859876974
2 -33760.1418805292
3 -28234.6118372216
4 9780.25165560861
5 61064.2729478208
6 70180.9236622958
7 57167.4251159936
8 72901.2203694845
9 106890.91466557
10 111395.97581577
11 89134.1524284068
12 91291.1181200884
13 119316.405870486
14 126696.907186139
15 116251.31115333
16 114667.93592786
17 107673.471590694
18 101450.298899448
19 96296.4113111986
20 81618.7583349655
21 72542.6536849324
22 70750.5131662504
23 67066.8562730379
24 69575.7725329128
25 70161.1870719417
26 71521.871867403
27 66729.1884695516
28 55937.1180459402
29 42015.0657910187
30 30129.1904007423
31 28149.2058216579
32 35955.5302209294
33 51323.09214152
34 56060.0302886999
35 49295.4759950013
36 36695.8423490336
37 19828.6571894475
38 1274.22824790815
39 -4029.3489729582
40 -1564.4209461714
41 5962.68546136444
42 21904.0390138673
43 20058.0754945368
44 18456.863576992
45 3486.2239344387
46 -15745.2840501409
47 -9954.63996584892
48 4816.15272952947
49 -1161.10606921984
50 -7195.76414773037
51 6225.02788603638
52 21711.5010871292
53 5405.30000988245
54 -23586.4101155293
55 -32675.6352395577
56 -7243.17219772008
57 6529.5927559844
58 -7325.60543127125
59 -7851.31846086007
60 -14015.9072298893
61 -48823.8988904833
62 -55661.5657402951
63 -26783.827159861
64 -17045.1721006837
65 -47205.8114058747
66 -61152.8752628416
67 -35730.3363955422
68 -18946.3220770743
69 -42057.0870705947
70 -61363.2945851439
71 -51722.4060562141
72 -38257.3128649369
73 -39532.5022378567
74 -42513.3755819053
75 -43356.2822170594
76 -43960.5616284086
77 -43706.1317212739
78 -43401.8574240038
79 -43907.364476605
80 -44613.3666769703
81 -44498.7245796591
82 -44096.8402143526
83 -44468.4379659221
84 -45242.2553589648
85 -45287.4729379979
86 -44835.1183337114
87 -45061.6756155104
88 -45843.8749127239
89 -46071.0580433676
90 -45590.6072963008
91 -45666.7149861711
92 -46422.6062801607
93 -46807.7491888701
94 -46402.1097304952
95 -46337.200264597
96 -47003.9304499543
97 -47495.0429791263
98 -47195.3060859807
99 -47033.367697402
100 -47597.3916169872
101 -48159.0462516601
102 -48004.0816073515
103 -47790.6224478033
104 -48224.4698076808
105 -48818.0874369249
106 -48789.7230732111
107 -48520.0939798467
108 -48845.8483035384
109 -45808.2462320621
110 -28716.5825029114
111 -30104.3576126525
112 -15080.2749491066
113 29669.7949969524
114 55717.3333427111
115 63411.9660749395
116 72779.4927691809
117 81309.7454678709
118 83047.0795091485
119 79184.5416050603
120 77075.5427569798
121 75180.4501033366
122 69510.2148664254
123 61361.1935211651
124 57557.9547951168
125 53187.5852570039
126 49243.0835059981
127 44588.1315574803
128 38728.6664520105
129 26701.1480571208
130 15229.4281398568
131 7270.217808511
132 55.7899541604464
133 -1435.36197368645
134 -3021.77703640187
135 -5609.19262280376
136 -7326.25363186045
137 -354.275149616617
138 -6755.01009881617
139 -12782.1356394453
140 -5638.78633246259
141 -17245.9801728702
142 -29908.2210550572
143 -17607.7878603682
144 -4512.90661250432
145 -6537.25940433257
146 -16169.050773269
147 -15514.3905299175
148 -424.616089417468
149 -10409.6767794701
150 -24357.522947493
151 -26435.0058358915
152 -17452.3985329149
153 -21642.2553828067
154 -40949.2005049229
155 -45704.2435651116
156 -15315.1694315874
157 -1160.21199944162
158 -11583.3892325627
159 -19947.5461182053
160 4436.57540518944
161 26393.7668673714
162 10998.6452458674
163 -5190.43269043358
164 13734.007028819
165 34438.8078974256
166 24555.4699963892
167 12009.0111504806
168 11944.4816642382
169 28972.1523490134
170 37651.2229622868
171 45530.5034554605
172 57310.7668531855
173 45896.9826575497
174 25918.8146494406
175 22957.3426195792
176 28135.660664518
177 29889.6467554148
178 29979.6795820808
179 29501.9110443486
180 28781.1790443872
181 28744.7680526695
182 29071.6176118395
183 28740.4988694786
184 27987.0215638902
185 27809.7275268707
186 28158.8170717737
187 27966.7038281803
188 27246.418863108
189 26932.0192255997
190 27250.933915488
191 27190.3830397586
192 26515.248598486
193 26070.6500495255
194 26338.468651589
195 26405.0321465769
196 25795.2318543472
197 25245.6248099357
198 25425.019910934
199 25601.017546775
200 25085.2957469578
201 24450.1038730268
202 24514.5439522915
203 24767.5209960366
204 24368.7435232095
205 23698.2135412948
206 23635.4721946087
207 23915.1372212335
208 23634.2652004081
209 22974.0840761762
210 22779.5791959261
211 23069.3919145336
212 22906.3806422211
213 22263.767989131
214 21931.6434182696
215 22987.9421577385
216 38292.2262897761
217 78869.0914355625
218 107929.846099597
219 90980.2277064595
220 76294.3045847779
221 90536.9479104218
222 97607.2517165246
223 90439.5390080856
224 88133.5989396094
225 91759.8118495717
226 90596.8505855621
227 83628.49308592
228 78721.9051983244
229 78816.1178012035
230 78160.4517293515
231 74616.7391081737
232 70471.652802426
233 66489.8012864353
234 65401.8077733288
235 67054.4734066097
236 71099.4462489422
237 69911.3616241648
238 65271.8770828101
239 60408.4504137576
240 53135.6621546343
241 49283.8977913735
242 41948.5917030086
243 31749.4013010742
244 20906.4136035935
245 18161.8652536708
246 17460.6686783634
247 12972.8183713935
248 9160.72835454087
249 10870.8603228164
250 11662.1344282787
251 1499.86910818447
252 2964.91419850757
253 3222.54040509944
254 -7387.45270817908
255 -9713.82227108744
0 -1526.44533234183
1 3069.98974919197
2 -385.902868020876
3 -10254.9580043504
4 -3475.53980058906
5 7538.10346580785
6 -6644.70423992923
7 -33970.8294237649
8 -34912.9331008116
9 -5751.88615940644
10 -14499.0625380352
11 -33666.6668852171
12 -19421.4754607052
13 15025.1778990242
14 15738.1091401707
15 -8690.22413375665
16 -14705.4585463355
17 5455.50202792907
18 316.858329398433
19 -35622.422173312
20 -47548.4189448856
21 -18096.6875668392
22 1867.60000796318
23 -15537.2116610064
24 -41652.2746267646
25 -25711.6810335733
26 63.8812856532676
27 -17490.105925811
28 -47787.1132239238
29 -41683.8799934244
30 -13196.5816851356
31 -5697.37025467995
32 13063.5888056265
33 29036.7712422337
34 15110.4274523768
35 -563.01809108473
36 -2030.79009423138
37 -1651.90567396947
38 -1489.09556735701
39 -1346.6702516878
40 -1898.33365658923
41 -2492.10774804446
42 -2334.72911533464
43 -2065.23413243701
44 -2503.26126852766
45 -3179.26742783397
46 -3154.21112229957
47 -2760.37338499706
48 -3079.62335105221
49 -3863.18610467745
50 -3997.16246094256
51 -3523.50664419015
52 -3682.82987866758
53 -4458.3013008
54 -4755.4230398444
55 -4317.70882817612
56 -4340.39584879826
57 -5036.36211590315
58 -5448.43887668119
59 -5122.2598698449
60 -5042.41943865054
61 -5628.16925384632
62 -6119.30413476278
63 -5917.19966139789
64 -5771.73450848276
65 -6244.92093860161
66 -6781.87689565145
67 -6688.24543812817
68 -5376.37685255728
69 12021.0363889976
70 40083.5621456578
71 34276.0648460466
72 30443.0759481282
73 36010.7837332229
74 35633.5086385618
75 30644.8898488152
76 31246.9340857189
77 38931.6202916646
78 43173.3108369483
79 36383.4320167818
80 27020.3086161981
81 24550.7761300535
82 21291.2882913695
83 12026.0431797556
84 1983.02441633039
85 2707.98089599382
86 7773.06500352204
87 6282.22600009751
88 -2076.90174304268
89 -4370.92833172421
90 -1617.68515320839
91 -2642.55733997313
92 -7962.11605812503
93 -6358.15487601219
94 4135.69857307656
95 9076.81990585565
96 10267.9220161345
97 -2886.63838942509
98 -12284.7646218258
99 -12942.0176675341
100 -8638.25632789807
101 -982.180354855103
102 -6665.58076925049
103 -20911.8897809851
104 -17435.1653379399
105 -571.735271422299
106 1887.85068843969
107 -18799.9852061254
108 -28230.8120406642
109 -19778.1869504675
110 -23369.1288076793
111 -40502.1879675612
112 -32370.2880585537
113 -2407.14876736984
114 9563.59619660332
115 -835.888187395118
116 -1125.52209204699
117 17950.9541929906
118 17215.9170765778
119 -4177.04930031887
120 -24093.1465140756
121 -7995.24134340779
122 12459.0858768327
123 2416.42474131879
124 -14937.1567293592
125 -1451.56698841655
126 22814.1573445985
127 10765.2259785206
128 -17502.8017166617
129 -16291.583036373
130 10666.2971575614
131 11178.6214922215
132 -6692.11228991893
133 -13230.4892814743
134 -26499.3118046894
135 -41981.0911394466
136 -44320.4917693724
137 -44636.5454359705
138 -44385.4459387596
139 -44089.15121426
140 -44501.9432308606
141 -45070.638665037
142 -44956.2647886592
143 -44609.2986594795
144 -44923.8100557101
145 -45564.008720399
146 -45592.5742498129
147 -45189.684056006
148 -45386.200593257
149 -46061.1562205739
150 -46251.6154350776
151 -45835.2694911086
152 -45898.5249279171
153 -46554.6156829137
154 -46879.3641781049
155 -46510.6274498257
156 -46448.2437310509
157 -47048.4998283982
158 -47514.1090171467
159 -47205.9008128525
160 -47002.1646621424
161 -47530.3140318768
162 -48073.327311674
163 -47893.7310449756
164 -47637.736515729
165 -48047.6675090393
166 -48635.9207196141
167 -48586.3669021567
168 -48294.9001544595
169 -48592.714797582
170 -49172.4966970082
171 -49250.9960235353
172 -48959.4845723491
173 -49146.5910251845
174 -48492.2884097443
175 -39857.4518987479
176 -39731.2763012977
177 -29384.206758047
178 11461.706335748
179 47416.0519142213
180 56636.4594264578
181 69390.3424609116
182 82848.9983497856
183 84906.3423164299
184 79551.8254699499
185 80217.0133849398
186 79675.4306167878
187 74632.4076810369
188 67258.5671852311
189 63302.0401957083
190 61289.220904019
191 54492.7259674938
192 41902.1000745416
193 34258.2952092046
194 34082.275221619
195 31124.0441947036
196 23858.8331769506
197 17398.1508491219
198 17781.7738392083
199 21188.3138046639
200 23671.4585031818
201 17855.9145755666
202 15319.4162630339
203 21356.9130130903
204 9458.49829417447
205 -986.136613623692
206 7395.9463710721
207 12592.6822534421
208 1924.84282551322
209 -2156.18338062565
210 -1596.78627214268
211 -10934.7192567252
212 -8793.86917279591
213 8839.71260067375
214 12527.7057323105
215 2011.90287016664
216 -4981.06390012072
217 -3344.7373920366
218 -1326.03959155555
219 -9832.59944112294
220 -15567.1406468321
221 4320.59220321086
222 22557.7828356961
223 7628.76214131858
224 -16056.3309259809
225 -11258.4842751603
226 3128.55131966487
227 -3373.16881098375
228 -25340.1056337483
229 -22119.6439408832
230 9265.28981510279
231 20949.7536360924
232 7244.49095064294
233 1974.84367785974
234 12780.6380725668
235 16549.656277854
236 28193.9987175463
237 49742.6673463186
238 49305.1095968616
239 38724.8666554531
240 36663.4993748068
241 36216.4197822118
242 35953.4738604395
243 36018.4056780822
244 35672.3336186807
245 34939.8669528803
246 34762.5058606274
247 35095.2562803336
248 34914.6765368791
249 34192.4246182948
250 33862.1775939676
251 34243.2301334417
252 34236.3681478939
253 33490.1998627424
254 32957.3566266723
255 33348.3333406846
0 33547.3979768035
1 32855.3656167228
2 32180.8346725505
3 32443.8700013006
4 32750.3571212717
5 32194.9162715574
6 31452.927762619
7 31559.947915071
8 31944.4202714467
9 31534.6904438365
10 30766.0810072519
11 30711.5874542698
12 31110.2531683747
13 30843.8203744674
14 30121.0543657606
15 29918.1005261064
16 30264.5525651637
17 30121.8813803055
18 29478.3523056927
19 29169.4288455759
20 29426.2503893674
21 29553.9459054406
22 44193.8914887776
23 86560.1255369336
24 89926.4100106251
25 87480.6821323254
26 113289.302681601
27 139462.390775966
28 128526.799801207
29 114041.371827289
30 123750.209659363
31 130807.303584493
32 129405.670393189
33 131180.063626774
34 136665.941675418
35 138737.277834091
36 134222.896006453
37 132292.845224481
38 136521.951737637
39 138317.020334842
40 126783.095512759
41 112145.765083523
42 106605.147612709
43 101811.681903801
44 88526.0061652668
45 78729.1918670168
46 81100.1978636024
47 81697.6152894038
48 70155.8673567614
49 54953.1271997842
50 52342.2869851931
51 51583.7805371023
52 39360.3267503174
53 27422.0365192934
54 24767.6327547589
55 28994.615852191
56 26465.6724292842
57 18879.8032855753
58 15348.4735308258
59 22342.4014261247
60 26687.5134930031
61 13488.4954677219
62 5009.3835603456
63 8081.85435317211
64 9421.05912221183
65 8101.99327492634
66 14201.1584879349
67 -1831.63605113459
68 -16710.8794106101
69 -12599.208962823
70 -5134.48627406195
71 -5239.18184509061
72 -10234.6179168961
73 -7171.11017359616
74 3844.25417712381
75 1179.0768717619
76 -14845.492225348
77 -19581.8268754276
78 -8484.47632604555
79 -15782.2538354699
80 -38868.5883723007
81 -45317.960717435
82 -25768.4768162342
83 -13931.4176358482
84 -30890.043782001
85 -44515.4213327672
86 -25895.6582421849
87 -8711.97238111167
88 -21227.5858196719
89 -34140.9932543031
90 -15440.2944970482
91 12516.2839908938
92 11538.6186884187
93 4305.75064489253
94 5645.84948371047
95 6881.29745498865
96 6898.3294842636
97 6291.47962230201
98 5816.95208751584
99 6044.4257908375
100 6185.57705707277
101 5661.65216704037
102 5072.30372098729
103 5227.15660657365
104 5584.85157309193
105 5133.56985253928
106 4304.78951988095
107 4351.43761055918
108 4876.18951513642
109 4559.97938632719
110 3692.95521890583
111 3553.77090618264
112 4108.54120356336
113 3965.17711462702
114 3114.06738925784
115 2792.40343480151
116 3324.71022900465
117 3352.42639212923
118 2549.52937955014
119 2058.0368707224
120 2522.61787922596
121 2719.26852694375
122 2011.00880038843
123 1383.03653991658
124 1687.42259590895
125 1888.45418553998
126 1419.69340082328
127 892.527507844866
128 -1579.03898704517
129 -7145.60683317266
130 14627.8979930756
131 40628.0729923335
132 42544.4668584426
133 42166.185935281
134 47881.6387512253
135 49905.7456738646
136 44701.1866809352
137 40416.267861875
138 43531.5422453335
139 45151.395517754
140 38597.5734707801
141 30610.1328861872
142 29400.9929181329
143 27813.1920472612
144 16839.8489761173
145 3483.51937335961
146 -4766.19658067186
147 -10772.7585164021
148 -8252.91225348857
149 -1462.00525307718
150 3679.27595129919
151 3519.86330984394
152 520.236852197272
153 1472.64468343791
154 6062.30718640175
155 8514.65118106022
156 4511.27493515908
157 -9203.30842772823
158 -19520.0466537531
159 -16776.2806148864
160 -18218.1022427204
161 -17837.1167584797
162 -8983.7695936882
163 -3635.66769786688
164 -6646.49237948565
165 -13554.7907417763
166 -23836.0343976062
167 -21684.4554763383
168 -27915.7865543111
169 -14666.0077173719
170 -30130.9338368099
171 -55915.3697985852
172 -44278.202268863
173 -24796.2429876617
174 -21828.7806902862
175 -21559.3974661109
176 -22121.0073972949
177 -22887.9851565343
178 -22746.2750966877
179 -22286.499713242
180 -22678.1693313324
181 -23487.5483498035
182 -23517.8573152849
183 -23002.9848817569
184 -23233.721939769
185 -24054.9697345459
186 -24257.0071526774
187 -23728.4554515428
188 -23794.3707459415
189 -24591.791581129
190 -24970.6536496465
191 -24483.4526757542
192 -24390.5588257979
193 -25125.0595003437
194 -25656.1816520907
195 -25254.47610074
196 -25014.1948478454
197 -25651.0183991216
198 -26305.9021599176
199 -26029.7240054278
200 -25663.7141899722
201 -26172.4845972639
202 -26913.333167235
203 -26794.3771832439
204 -26341.8884684907
205 -26705.9089786898
206 -27498.1442091637
207 -27550.7602156115
208 -27051.3998927355
209 -27261.6180493376
210 -28058.5471461472
211 -28282.5563290782
212 -27783.5536341135
213 -27836.057881839
214 -28604.3543940013
215 -28991.1513318004
216 -28537.6344368022
217 -28436.5374966308
218 -29134.135441081
219 -29662.0836451153
220 -29299.4936465613
221 -29062.2298791683
222 -29662.7318457045
223 -30305.2327400723
224 -30068.0360279126
225 -29715.0572794744
226 -30189.8753869385
227 -30911.3226427224
228 -30823.3461765464
229 -30391.5775289032
230 -30730.1841056566
231 -31487.7741322248
232 -31562.0936825387
233 -31094.2046158558
234 -31282.0263245137
235 -32041.4268423828
236 -32278.9588307093
237 -31820.8598280978
238 -31863.9986948965
239 -32586.2729652253
240 -32974.6792286252
241 -32565.1058632262
242 -32461.8408038426
243 -33115.5399221826
244 -33634.6368354126
245 -33319.3654798705
246 -33095.043372517
247 -33650.6406844426
248 -34269.7840058546
249 -34079.4141983288
250 -33753.1457845146
251 -34185.6743914693
252 -34866.4191206001
253 -34821.1344863337
254 -34429.2637025432
255 -34728.5535607998
0 -35434.6228163985
1 -35547.2085532199
2 -35132.6507488073
3 -35220.068421372
4 -35523.2027796749
5 -35736.2819595673
6 -35955.1502412737
7 -36111.3665832718
8 -36231.1719335523
9 -36403.079200158
10 -36621.9251301199
11 -36786.188100122
12 -36893.7223426965
13 -37044.5742660253
14 -37267.9352483672
15 -37449.073785433
16 -37552.4282517944
17 -37679.408512045
18 -37891.7724361148
19 -38089.5853745443
20 -38200.5394340205
21 -38314.309813298
22 -38519.6776413533
23 -38732.2650828678
24 -38853.2103721154
25 -38950.5522192183
26 -39135.1776284191
27 -39366.1382038758
28 -39503.6237840204
29 -39588.4933577172
30 -39758.6571882555
31 -40000.1007318617
32 -40157.6358267827
33 -40240.1137638228
34 -40385.4448062712
35 -40623.4461812313
36 -40801.142549651
37 -40884.2239837914
38 -41008.7679038963
39 -41242.8800753212
40 -41443.79990623
41 -41529.1835700492
42 -41626.2348444742
43 -41851.7639460282
44 -42079.930553428
45 -42179.5522784653
46 -42257.0010730029
47 -42466.3475115714
48 -42719.101037872
49 -42836.380641029
50 -42890.5612695886
51 -43073.3091322552
52 -43343.988757609
53 -43485.0059133775
54 -43527.004841209
55 -43679.3990349053
56 -43963.1767825099
57 -44133.5417787483
58 -44164.2977791188
59 -44283.9243154436
60 -44571.1442316943
61 -44773.092242848
62 -44809.5926415435
63 -44896.5856309635
64 -45171.6238464861
65 -45406.719494667
66 -45457.2120853915
67 -45515.1254552752
68 -45764.1685919963
69 -46026.2427957347
70 -46106.8878897295
71 -46192.2044983154
72 -46379.1097854507
73 -46585.5952007288
74 -46727.037039642
75 -46826.2117297902
76 -46985.6690747343
77 -47197.8988883375
78 -47348.5719977107
79 -47448.685461126
80 -47598.6880181656
81 -47816.6398783493
82 -47990.558801956
83 -48092.6615706279
84 -48212.0869412526
85 -48430.8434642367
86 -48639.005260349
87 -48746.0030610565
88 -48843.2331494371
89 -49047.595148992
90 -49265.1670295199
91 -49378.4680221639
92 -49456.0509271682
93 -49648.7006126285
94 -49891.9769992801
95 -50024.1875677332
96 -50091.9804086662
97 -50258.2326839248
98 -50504.4147973555
99 -50655.7361073179
100 -50720.8243871718
101 -50862.3332813183
102 -51110.6835139613
103 -51285.094175946
104 -51356.2844820362
105 -51476.7156811614
106 -51717.1533962671
107 -51913.6922852626
108 -51995.25380078
109 -52094.3837874393
110 -52323.0421332171
111 -52539.921109667
112 -52636.7041631584
113 -52718.5786030982
114 -52922.493567764
115 -53152.6941839092
116 -53271.7172231337
117 -53347.5119885817
118 -53530.5280721817
119 -53768.2835779528
120 -53906.7526348534
121 -53977.1829816321
122 -54134.0028207306
123 -54374.5299428141
124 -54532.646183091
125 -54606.7645677047
126 -54745.2336246054
127 -54985.1125460997
128 -55164.6641093092
129 -55241.1964823242
130 -55353.5363499566
131 -55585.0557190246
132 -55784.3662243326
133 -55871.5827311972
134 -55967.5834736328
135 -56187.3681768618
136 -56405.4541475122
137 -56506.7969568726
138 -56585.4080421219
139 -56785.165582319
140 -57015.4332536975
141 -57134.3892376887
142 -57206.9430001906
143 -57385.6675488553
144 -57625.4123598829
145 -57765.5354458732
146 -57832.0318856277
147 -57985.1413351466
148 -58227.9259834201
149 -58388.3221016314
150 -58458.9089106213
151 -58589.9348366183
152 -58830.0819790461
153 -59011.7569579788
154 -59086.5905984152
155 -59195.7788700794
156 -59426.8288525139
157 -59629.9615061237
158 -59719.9496293008
159 -59810.7200635338
160 -60024.4027405265
161 -60242.6675251326
162 -60345.1726252046
163 -60422.9566959091
164 -60617.9086110483
165 -60848.8021312716
166 -60973.1895891654
167 -61044.893985378
168 -61219.461109574
169 -61459.1165136238
170 -61599.530172292
171 -61665.0878387794
172 -61813.3022562626
173 -62052.8011981012
174 -62217.6006099702
175 -62289.6179306052
176 -62416.3523216668
177 -62652.6773157927
178 -62836.3192482375
179 -62916.5173073432
180 -63024.0515499176
181 -63249.2677270493
182 -63453.5179678819
183 -63546.9259079606
184 -63636.6905136932
185 -63846.059304006
186 -64064.1005711675
187 -64172.9759184093
188 -64251.9222798255
189 -64440.6157065172
190 -64671.0398401069
191 -64798.53419048
192 -64871.043249493
193 -65038.5695741856
194 -65273.7769810888
195 -65421.1867357715
196 -65492.3770418617
197 -65638.5127471105
198 -65877.3858401043
199 -66045.3815514304
200 -66119.9693226778
201 -66243.3509520711
202 -66472.3892775046
203 -66657.1487971722
204 -66742.3089435469
205 -66849.6420204213
206 -67068.9126335278
207 -67273.0511156382
208 -67373.4998552203
209 -67466.66192611
210 -67665.3465825733
211 -67878.1351897878
212 -67994.6101301444
213 -68080.3514218749
214 -68264.6639066534
215 -68486.7284878169
216 -68621.6212656047
217 -68703.8086299668
218 -68862.237794666
219 -69086.537550275
220 -69237.836508493
221 -69320.4485559998
222 -69461.7562844463
223 -69682.0550777978
224 -69849.9390304016
225 -69945.2915722479
226 -70069.9696028196
227 -70277.9302332318
228 -70459.2252325088
229 -70568.167634984
230 -70691.683374844
231 -70868.4186182521
232 -71039.1412424017
233 -71182.9523662272
234 -71318.2698271596
235 -71473.9720790353
236 -71638.2126972929
237 -71792.0597543788
238 -71937.3907968272
239 -72085.8510834993
240 -72242.7603295756
241 -72400.2283692632
242 -72544.5535832111
243 -72687.895320403
244 -72842.5917437782
245 -73002.1831991891
246 -73151.6269626173
247 -73293.9628713087
248 -73445.5300504601
249 -73606.0155756492
250 -73756.6439815335
251 -73899.0022419694
252 -74050.0553309984
253 -74210.4067457207
254 -74365.5725557295
255 -74509.2272173437
0 -74653.5077278027
1 -74811.9592442464
2 -74969.0920077672
3 -75113.5289804374
4 -75257.2954007739
5 -75414.9646061617
6 -75577.2159191627
7 -75725.5420953682
8 -75866.2463267143
9 -76017.1206017876
10 -76176.1756153316
11 -76328.5698090279
12 -76469.8775374743
13 -76616.9073125014
14 -76779.4491981803
15 -76935.8443541341
16 -77079.1190360927
17 -77220.225598839
18 -77373.7373797581
19 -77532.1441927128
20 -77679.4645404177
21 -77820.2581787417
22 -77974.9993056058
23 -78134.3672435722
24 -78283.453379089
25 -78422.2577121565
26 -78569.6227633503
27 -78727.3813757159
28 -78878.1662438114
29 -79020.1892280804
30 -79169.9235641865
31 -79328.1739149301
32 -79477.8635475473
33 -79617.070212015
34 -79761.3507224739
35 -79918.5281894837
36 -80069.5589267682
37 -80209.8161232252
38 -80358.8575552532
39 -80518.3596036863
40 -80671.5137566941
41 -80813.4696857297
42 -80956.0291118657
43 -81111.37373583
44 -81263.4773568484
45 -81406.5285213624
46 -81551.2113632216
47 -81706.1313040413
48 -81859.8889541494
49 -82002.8954151744
50 -82142.5938180201
51 -82292.8422442487
52 -82445.6611210896
53 -82589.6063553818
54 -82731.2270082506
55 -82881.073103079
56 -83035.6577677319
57 -83181.1452723915
58 -83320.3742886036
59 -83470.1756799431
60 -83624.760344596
61 -83770.6278289113
62 -83911.6002811909
63 -84059.5241259961
64 -84215.6510610165
65 -84364.0889959441
66 -84501.4628173665
67 -84645.1845342141
68 -84799.0315913
69 -84949.3470727619
70 -85089.7160279412
71 -85233.2589308332
72 -85387.7318367639
73 -85537.9355595035
74 -85676.0693402373
75 -85817.9358622951
76 -85970.4865182026
77 -86122.9254153878
78 -86265.5742485016
79 -86407.0607909037
80 -86560.0808334447
81 -86715.1125329867
82 -86855.2803224659
83 -86991.8941845768
84 -87140.8685613714
85 -87295.4979295132
86 -87440.4936957948
87 -87576.5711160387
88 -87722.483303843
89 -87877.7385208295
90 -88023.0025080445
91 -88159.7281288777
92 -88304.3886189924
93 -88460.7167197128
94 -88611.2780703638
95 -88750.4176795981
96 -88893.75941679
97 -89049.0146337765
98 -89199.4418739607
99 -89337.4862477167
100 -89477.8775546405
101 -89631.6128530041
102 -89786.4210351016
103 -89927.5723013368
104 -90067.1142419713
105 -90219.7096013677
106 -90373.9366381093
107 -90516.093732845
108 -90653.4675542674
109 -90801.8607857061
110 -90958.7476800379
111 -91103.2964114304
112 -91238.7256310851
113 -91384.079025278
114 -91537.5684544526
115 -91681.379578278
116 -91817.1887775885
117 -91961.7822124698
118 -92117.8197405124
119 -92265.6094748508
120 -92401.7092468392
121 -92542.6369956299
122 -92695.7911486377
123 -92845.7042986994
124 -92982.6534369771
125 -93122.3071363339
126 -93277.4505945981
127 -93429.8671400389
128 -93568.0232725171
129 -93703.1842712384
130 -93850.9740055769
131 -94003.3681992731
132 -94141.457276518
133 -94277.9146764177
134 -94428.2078061352
135 -94582.9489329993
136 -94724.9719172683
137 -94859.7752880782
138 -95004.7263508709
139 -95158.3498905122
140 -95304.5079475055
141 -95440.8982921718
142 -95585.2682096086
143 -95740.3893161284
144 -95886.9497045219
145 -96020.926060787
146 -96160.3562426992
147 -96314.9185556076
148 -96464.2282085691
149 -96599.9256491572
150 -96739.6017002585
151 -96891.5712108101
152 -97043.3842591505
153 -97180.8474875507
154 -97314.2203467155
155 -97462.6806333876
156 -97614.8736613838
157 -97754.8179334185
158 -97892.3929205409
159 -98042.7978089807
160 -98197.5612875892
161 -98338.0420014908
162 -98470.0290524994
163 -98614.6671908697
164 -98769.0506898225
165 -98913.599421215
166 -99048.358088536
167 -99191.6104187501
168 -99345.3904206026
169 -99489.8273932728
170 -99620.9874297365
171 -99759.6576523373
172 -99913.1247297674
173 -100062.635548429
174 -100198.556506462
175 -100336.019734862
176 -100488.101004136
177 -100637.27654663
178 -100769.889446484
179 -100903.910506238
180 -101053.689545833
181 -101206.553126163
182 -101345.402162719
183 -101480.630216674
184 -101628.419951012
185 -101781.216476109
186 -101919.685533009
187 -102051.516121807
188 -102195.282542143
189 -102348.727267829
190 -102493.164240499
191 -102626.626506642
192 -102768.314214744
193 -102920.663704951
194 -103063.245482832
195 -103196.48423153
196 -103335.512082042
197 -103487.928627482
198 -103637.037114744
199 -103771.259340198
200 -103907.359112186
201 -104057.629890159
202 -104205.218458798
203 -104339.150111574
204 -104472.791191672
205 -104620.804443455
206 -104774.562093563
207 -104911.779452774
208 -105044.682925306
209 -105190.684520088
210 -105342.363457962
211 -105482.665357907
212 -105613.624228671
213 -105756.429523996
214 -105912.154127616
215 -106055.048829919
216 -106184.644244271
217 -106323.381522105
218 -106475.798067546
219 -106621.374979183
220 -106742.700248086
221 -106855.621261075
222 -106984.344957393
223 -107116.130842701
224 -107235.086826692
225 -107364.861055
226 -107523.290219699
